    0  -72.90000 
    1  -76.00000 
    2  -78.80000 
    3  -81.10000 
    4  -82.60000 
    5  -83.30000 
    6  -84.10000 
    7  -85.80000 
    8  -86.90000 
    9  -87.90000 
   10  -89.70000 
   11  -90.70000 
   12  -91.30000 
   13  -92.10000 
   14  -92.10000 
   15  -92.30000 
   16  -92.60000 
   17  -93.00000 
   18  -93.10000 
   19  -93.50000 
   20  -93.70000 
   21  -94.30000 
   22  -94.30000 
   23  -94.30000 
   24  -94.50000 
   25  -94.80000 
   26  -94.90000 
   27  -95.20000 
   28  -95.40000 
   29  -95.70000 
   30  -96.00000 
   31  -96.20000 
   32  -96.50000 
   33  -96.70000 
   34  -97.10000 
   35  -97.10000 
   36  -97.10000 
   37  -97.10000 
   38  -97.40000 
   39  -97.60000 
   40  -97.90000 
   41  -98.10000 
   42  -98.40000 
   43  -98.70000 
   44  -98.70000 
   45  -98.70000 
   46  -98.80000 
   47  -98.90000 
   48  -99.10000 
   49  -99.30000 
   50  -99.50000 
   51  -99.50000 
   52  -99.50000 
   53  -99.70000 
   54  -99.70000 
   55  -99.80000 
   56  -100.00000 
   57  -100.30000 
   58  -100.30000 
   59  -100.60000 
   60  -100.60000 
   61  -100.60000 
   62  -100.70000 
   63  -100.80000 
   64  -100.80000 
   65  -101.40000 
   66  -101.60000 
   67  -101.60000 
   68  -101.60000 
   69  -101.70000 
   70  -101.90000 
   71  -102.20000 
   72  -102.40000 
   73  -102.40000 
   74  -102.40000 
   75  -102.40000 
   76  -102.40000 
   77  -102.60000 
   78  -102.60000 
   79  -102.70000 
   80  -102.70000 
   81  -102.70000 
   82  -102.70000 
   83  -102.70000 
   84  -103.10000 
   85  -103.20000 
   86  -103.40000 
   87  -103.40000 
   88  -103.50000 
   89  -103.60000 
   90  -103.60000 
   91  -103.60000 
   92  -103.60000 
   93  -103.60000 
   94  -103.60000 
   95  -103.60000 
   96  -103.60000 
   97  -103.70000 
   98  -103.70000 
   99  -104.00000 
