    0  -43.20000 
    1  -52.00000 
    2  -56.50000 
    3  -57.60000 
    4  -59.10000 
    5  -60.20000 
    6  -61.10000 
    7  -61.80000 
    8  -62.10000 
    9  -62.90000 
   10  -63.10000 
   11  -63.30000 
   12  -63.50000 
   13  -63.50000 
   14  -63.50000 
   15  -63.50000 
   16  -63.80000 
   17  -64.00000 
   18  -64.00000 
   19  -64.10000 
   20  -64.20000 
   21  -64.20000 
   22  -64.30000 
   23  -64.40000 
   24  -64.50000 
   25  -64.60000 
   26  -64.70000 
   27  -64.70000 
   28  -64.80000 
   29  -65.00000 
   30  -65.00000 
   31  -65.00000 
   32  -65.20000 
   33  -65.40000 
   34  -65.40000 
   35  -65.40000 
   36  -65.70000 
   37  -65.70000 
   38  -65.80000 
   39  -65.90000 
   40  -66.00000 
   41  -66.00000 
   42  -66.00000 
   43  -66.00000 
   44  -66.00000 
   45  -66.10000 
   46  -66.30000 
   47  -66.30000 
   48  -66.40000 
   49  -66.50000 
   50  -66.50000 
   51  -66.60000 
   52  -66.60000 
   53  -66.60000 
   54  -66.60000 
   55  -66.70000 
   56  -66.70000 
   57  -66.70000 
   58  -66.70000 
   59  -66.70000 
   60  -66.70000 
   61  -66.70000 
   62  -66.70000 
   63  -66.70000 
   64  -66.70000 
   65  -66.70000 
   66  -66.70000 
   67  -66.70000 
   68  -66.80000 
   69  -66.80000 
   70  -66.80000 
   71  -66.80000 
   72  -66.80000 
   73  -66.80000 
   74  -66.80000 
   75  -66.80000 
   76  -66.80000 
   77  -66.80000 
   78  -66.80000 
   79  -66.90000 
   80  -66.90000 
   81  -67.00000 
   82  -67.00000 
   83  -67.10000 
   84  -67.10000 
   85  -67.10000 
   86  -67.10000 
   87  -67.10000 
   88  -67.10000 
   89  -67.10000 
   90  -67.10000 
   91  -67.20000 
   92  -67.20000 
   93  -67.20000 
   94  -67.20000 
   95  -67.30000 
   96  -67.30000 
   97  -67.30000 
   98  -67.30000 
   99  -67.40000 
