    0  -1.30000 
    1  -1.60000 
    2  -1.60000 
    3  -1.60000 
    4  -1.60000 
    5  -1.60000 
    6  -1.60000 
    7  -1.70000 
    8  -1.70000 
    9  -1.80000 
   10  -1.80000 
   11  -1.80000 
   12  -1.80000 
   13  -1.80000 
   14  -1.80000 
   15  -1.80000 
   16  -1.80000 
   17  -1.80000 
   18  -1.80000 
   19  -1.80000 
   20  -1.80000 
   21  -1.80000 
   22  -1.80000 
   23  -1.80000 
   24  -1.80000 
   25  -1.80000 
   26  -1.80000 
   27  -1.80000 
   28  -1.80000 
   29  -1.80000 
   30  -1.80000 
   31  -1.80000 
   32  -1.80000 
   33  -1.80000 
   34  -1.80000 
   35  -1.80000 
   36  -1.80000 
   37  -1.80000 
   38  -1.80000 
   39  -1.80000 
   40  -1.80000 
   41  -1.80000 
   42  -1.80000 
   43  -1.80000 
   44  -1.80000 
   45  -1.80000 
   46  -1.80000 
   47  -1.80000 
   48  -1.80000 
   49  -1.80000 
   50  -1.80000 
   51  -1.80000 
   52  -1.80000 
   53  -1.80000 
   54  -1.80000 
   55  -1.80000 
   56  -1.80000 
   57  -1.80000 
   58  -1.80000 
   59  -1.80000 
   60  -1.80000 
   61  -1.80000 
   62  -1.80000 
   63  -1.80000 
   64  -1.80000 
   65  -1.80000 
   66  -1.90000 
   67  -1.90000 
   68  -1.90000 
   69  -1.90000 
   70  -1.90000 
   71  -1.90000 
   72  -1.90000 
   73  -1.90000 
   74  -1.90000 
   75  -1.90000 
   76  -1.90000 
   77  -1.90000 
   78  -1.90000 
   79  -1.90000 
   80  -1.90000 
   81  -1.90000 
   82  -1.90000 
   83  -1.90000 
   84  -1.90000 
   85  -1.90000 
   86  -1.90000 
   87  -1.90000 
   88  -1.90000 
   89  -1.90000 
   90  -1.90000 
   91  -1.90000 
   92  -1.90000 
   93  -1.90000 
   94  -1.90000 
   95  -1.90000 
   96  -1.90000 
   97  -1.90000 
   98  -1.90000 
   99  -1.90000 
