-18.3452  1.26222817513  1.26174343772  2.52397161286   0.000484737406443
-18.3252  1.74813626986  1.74755610887  3.49569237873   0.000580160986873
-18.3052  2.34566426197  2.34499708504  4.69066134701   0.000667176934671
-18.2852  3.04739086373  3.04665367474  6.09404453847   0.000737188985844
-18.2652  3.83076841592  3.82998578548  7.6607542014   0.000782630440157
-18.2452  4.65674616124  4.65594785656  9.3126940178   0.000798304683569
-18.2252  5.47133514055  5.47055278077  10.9418879213   0.000782359777415
-18.2052  6.2106045424  6.20986789826  12.4204724407   0.000736644140479
-18.1852  6.8087409972  6.80807464863  13.6168156458   0.000666348565607
-18.1652  7.20784837843  7.20726934826  14.4151177267   0.000579030170525
-18.1452  7.36744875012  7.36696547816  14.7344142283   0.000483271958864
-18.1252  7.27146807403  7.27108076785  14.5425488419   0.000387306172962
-18.1052  6.93098541043  6.93068750798  13.8616729184   0.000297902453603
-18.0852  6.38207337911  6.38185366636  12.7639270455   0.000219712748728
-18.0652  5.67932229463  5.67916717478  11.3584894694   0.000155119850788
-18.0452  4.88669644553  4.88659193914  9.77328838466   0.00010450639162
-18.0252  4.06788337348  4.06781659113  8.13569996461   6.67823565079e-05
-18.0052  3.27815030517  3.27811031214  6.55626061731   3.99930359514e-05
-17.9852  2.55904623797  2.55902437397  5.11807061194   2.18639982852e-05
-17.9652  1.93637760394  1.93636740357  3.87274500751   1.02003763387e-05
-17.9452  1.42105948811  1.42105636904  2.84211585715   3.11907611339e-06
-17.9252  1.01192453815  1.01192540101  2.02384993916   -8.62863611673e-07
-17.9052  0.699424144336  0.699426983103  1.39885112744   -2.83876641138e-06
-17.8852  0.469310520856  0.469314095648  0.938624616504   -3.5747920652e-06
-17.8652  0.305702608748  0.305706196598  0.611408805346   -3.58784976079e-06
-17.8452  0.193273059288  0.1932762762  0.386549335487   -3.21691208566e-06
-17.8252  0.118555160151  0.118557838737  0.237112998888   -2.67858515916e-06
-17.8052  0.0705233070886  0.0705254134607  0.141048720549   -2.1063721166e-06
-17.7852  0.0406586729069  0.0406602500497  0.0813189229565   -1.57714280462e-06
-17.7652  0.022704124411  0.0227052535137  0.0454093779247   -1.1291027495e-06
-17.7452  0.012271721143  0.012272495759  0.024544216902   -7.74616000216e-07
-17.7252  0.0064163062514  0.00641681610926  0.0128331223607   -5.09857854306e-07
-17.7052  0.0032433842525  0.00324370643623  0.00648709068873   -3.22183728289e-07
-17.6852  0.00158429450774  0.00158449003363  0.00316878454137   -1.95525899226e-07
-17.6652  0.000747534938966  0.000747648920924  0.00149518385989   -1.13981957756e-07
-17.6452  0.000340618077852  0.000340681910989  0.000681299988841   -6.38331369261e-08
-17.6252  0.000149857688424  0.000149892033231  0.000299749721655   -3.43448070104e-08
-17.6052  6.36580978116e-05  6.36758518129e-05  0.000127333949624   -1.775400132e-08
-17.5852  2.61116104462e-05  2.61204282667e-05  5.22320387129e-05   -8.81782046284e-09
-17.5652  1.03446068709e-05  1.03488147443e-05  2.06934216152e-05   -4.20787335847e-09
-17.5452  3.95949642066e-06  3.96142574698e-06  7.92092216763e-06   -1.92932632375e-09
-17.5252  1.46488263711e-06  1.46573259061e-06  2.93061522772e-06   -8.49953505243e-10
-17.5052  5.24123068156e-07  5.24482847437e-07  1.04860591559e-06   -3.59779281057e-10
-17.4852  1.81464645693e-07  1.81610976016e-07  3.6307562171e-07   -1.46330322747e-10
-17.4652  6.08355850851e-08  6.08927719661e-08  1.21728357051e-07   -5.71868809649e-11
-17.4452  1.9761125039e-08  1.97825999027e-08  3.95437249417e-08   -2.14748637837e-11
-17.4252  6.22330119438e-09  6.23105020156e-09  1.24543513959e-08   -7.74900717269e-12
-17.4052  1.90116191557e-09  1.90384883804e-09  3.80501075361e-09   -2.68692246377e-12
-17.3852  5.6362455717e-10  5.64519864137e-10  1.12814442131e-09   -8.95306966284e-13
-17.3652  1.62200127544e-10  1.6248681849e-10  3.24686946034e-10   -2.86690946856e-13
-17.3452  4.53153662438e-11  4.54035934167e-11  9.07189596605e-11   -8.82271729053e-14
-17.3252  1.2289557007e-11  1.23156523399e-11  2.46052093469e-11   -2.609533299e-14
-17.3052  3.23452778576e-12  3.24194646558e-12  6.47647425134e-12   -7.41867981917e-15
-17.2852  8.25829975273e-13  8.27857338306e-13  1.65368731358e-12   -2.02736303278e-15
-17.2652  2.04430138399e-13  2.04962765478e-13  4.09392903877e-13   -5.32627079666e-16
-17.2452  4.90353114275e-14  4.91698531372e-14  9.82051645647e-14   -1.34541709623e-16
-17.2252  1.13894324451e-14  1.14221137198e-14  2.28115461649e-14   -3.26812747647e-17
-17.2052  2.56003202225e-15  2.56766737282e-15  5.12769939508e-15   -7.63535056798e-18
-17.1852  5.56514957186e-16  5.5823105491e-16  1.1147460121e-15   -1.71609772405e-18
-17.1652  1.1694017462e-16  1.17311326052e-16  2.34251500672e-16   -3.71151432819e-19
-17.1452  2.37417255672e-17  2.38189918434e-17  4.75607174105e-17   -7.72662762287e-20
-17.1252  4.65558571032e-18  4.67107442411e-18  9.32666013443e-18   -1.54887137949e-20
-17.1052  8.81560063902e-19  8.84551017827e-19  1.76611108173e-18   -2.99095392495e-21
-17.0852  1.61175818923e-19  1.61732470186e-19  3.22908289109e-19   -5.56651262627e-22
-17.0652  2.8452935931e-20  2.85528380532e-20  5.70057739841e-20   -9.99021221919e-23
-17.0452  4.85060692883e-21  4.86790715932e-21  9.71851408814e-21   -1.73002304915e-23
-17.0252  7.98769723328e-22  8.01662460947e-22  1.60043218428e-21   -2.89273761911e-24
-17.0052  1.27106356904e-22  1.27573728995e-22  2.54680085899e-22   -4.67372091192e-25
-16.9852  1.95542194735e-23  1.96272399432e-23  3.91814594167e-23   -7.30204696241e-26
-16.9652  2.90994444751e-24  2.92098499286e-24  5.83092944037e-24   -1.10405453456e-26
-16.9452  4.19149555346e-25  4.20766247144e-25  8.3991580249e-25   -1.61669179823e-27
-16.9252  5.84756094576e-26  5.87050426797e-26  1.17180652137e-25   -2.29433222121e-28
-16.9052  7.90641174515e-27  7.93798628227e-27  1.58443980274e-26   -3.15745371202e-29
-16.8852  1.0366656988e-27  1.04088140071e-27  2.07754709951e-27   -4.21570190279e-30
-16.8652  1.31876755371e-28  1.32422995285e-28  2.64299750656e-28   -5.46239914426e-31
-16.8452  1.62827096651e-29  1.63514046798e-29  3.26341143449e-29   -6.86950146743e-32
-16.8252  1.9516534193e-30  1.9600375825e-30  3.9116910018e-30   -8.38416319827e-33
-16.8052  2.27098479641e-31  2.2809130593e-31  4.55189785571e-31   -9.9282628907e-34
-16.7852  2.56874547939e-32  2.58014910164e-32  5.14889458102e-32   -1.14036222512e-34
-16.7652  3.18658035914e-33  3.19944137305e-33  6.38602173219e-33   -1.28610139144e-35
-16.7452  3.85431766645e-33  3.8573927705e-33  7.71171043695e-33   -3.07510404364e-36
-16.7252  3.2586892068e-32  3.26038132467e-32  6.51907053147e-32   -1.69211786357e-35
-16.7052  2.88526455331e-31  2.8868655019e-31  5.77213005521e-31   -1.60094859341e-34
-16.6852  2.47645942702e-30  2.47794100348e-30  4.95440043049e-30   -1.48157646111e-33
-16.6652  2.05997191399e-29  2.06130146195e-29  4.12127337594e-29   -1.32954796026e-32
-16.6452  1.66161065593e-28  1.66276682613e-28  3.32437748206e-28   -1.15617020009e-31
-16.6252  1.30033137335e-27  1.30130496997e-27  2.60163634331e-27   -9.73596620557e-31
-16.6052  9.87640115793e-27  9.88433447748e-27  1.97607356354e-26   -7.93331954803e-30
-16.5852  7.28210763942e-26  7.28835823717e-26  1.45704658766e-25   -6.25059774174e-29
-16.5652  5.2124939195e-25  5.21725228187e-25  1.04297462014e-24   -4.75836237351e-28
-16.5452  3.62161029197e-24  3.62510779764e-24  7.24671808962e-24   -3.49750567056e-27
-16.5252  2.44168568106e-23  2.44416620888e-23  4.88585188994e-23   -2.48052782388e-26
-16.5052  1.59665808141e-22  1.59835461713e-22  3.19501269854e-22   -1.69653572717e-25
-16.4852  1.01210199036e-21  1.01322038335e-21  2.02532237372e-21   -1.11839298844e-24
-16.4652  6.21519485272e-21  6.22229796922e-21  1.24374928219e-20   -7.10311650184e-24
-16.4452  3.69505907444e-20  3.69940385311e-20  7.39446292755e-20   -4.34477866651e-23
-16.4252  2.12544179719e-19  2.12800050665e-19  4.25344230385e-19   -2.55870946334e-22
-16.4052  1.18218276239e-18  1.1836332262e-18  2.36581598859e-18   -1.45046380676e-21
-16.3852  6.35487197243e-18  6.36278512332e-18  1.27176570957e-17   -7.91315088514e-21
-16.3652  3.30017035457e-17  3.30432464919e-17  6.60449500376e-17   -4.15429461921e-20
-16.3452  1.65516486154e-16  1.65726342795e-16  3.31242828949e-16   -2.09856640933e-19
-16.3252  8.01568631958e-16  8.02588680951e-16  1.60415731291e-15   -1.0200489928e-18
-16.3052  3.74806655479e-15  3.75283756646e-15  7.50090412125e-15   -4.77101167037e-18
-16.2852  1.69226201769e-14  1.69440951497e-14  3.38667153267e-14   -2.14749727731e-17
-16.2652  7.37907013282e-14  7.38837377918e-14  1.4767443912e-13   -9.3036463584e-17
-16.2452  3.10842685577e-13  3.11230713831e-13  6.22073399408e-13   -3.88028253778e-16
-16.2252  1.26550356197e-12  1.26706197006e-12  2.53256553204e-12   -1.55840809048e-15
-16.2052  4.98184278687e-12  4.98787189993e-12  9.9697146868e-12   -6.02911305318e-15
-16.1852  1.89746505513e-11  1.89971285083e-11  3.79717790596e-11   -2.24779570447e-14
-16.1652  6.99663830869e-11  7.00471808444e-11  1.40013563931e-10   -8.07977575183e-14
-16.1452  2.49930288306e-10  2.50210457189e-10  5.00140745495e-10   -2.80168883021e-13
-16.1252  8.65435177752e-10  8.66372928585e-10  1.73180810634e-09   -9.3775083352e-13
-16.1052  2.90657069096e-09  2.90960246749e-09  5.81617315845e-09   -3.03177652467e-12
-16.0852  9.4723233974e-09  9.4817980778e-09  1.89541214752e-08   -9.47468040335e-12
-16.0652  2.99638951637e-08  2.99925380175e-08  5.99564331812e-08   -2.86428538378e-11
-16.0452  9.20173514792e-08  9.21011773212e-08  1.841185288e-07   -8.3825842058e-11
-16.0252  2.7431888146e-07  2.74556542978e-07  5.48875424438e-07   -2.37661518225e-10
-16.0052  7.93713079845e-07  7.94366263462e-07  1.58807934331e-06   -6.53183617632e-10
-15.9852  2.2280816309e-06  2.22982276717e-06  4.45790439808e-06   -1.74113627198e-09
-15.9652  6.06513051169e-06  6.06963360129e-06  1.2134764113e-05   -4.50308960022e-09
-15.9452  1.60004907251e-05  1.60117925813e-05  3.20122833064e-05   -1.1301856175e-08
-15.9252  4.08820212452e-05  4.09095474703e-05  8.17915687155e-05   -2.75262250526e-08
-15.9052  0.000101101171789  0.000101166216652  0.000202267388441   -6.50448631869e-08
-15.8852  0.000241844755904  0.00024199382331  0.000483838579214   -1.49067406185e-07
-15.8652  0.000559283440374  0.000559614589645  0.00111889803002   -3.31149271408e-07
-15.8452  0.0012497891264  0.00125050174041  0.00250029086681   -7.12614005567e-07
-15.8252  0.00269767581402  0.00269916024345  0.00539683605747   -1.48442943726e-06
-15.8052  0.00562313981308  0.00562613075921  0.0112492705723   -2.9909461276e-06
-15.7852  0.0113173367095  0.0113231613529  0.0226404980624   -5.82464348201e-06
-15.7652  0.0219927596076  0.0220037148074  0.043996474415   -1.09551997521e-05
-15.7452  0.0412698779621  0.0412897644965  0.0825596424586   -1.98865344066e-05
-15.7252  0.0748006147783  0.0748354331223  0.149636047901   -3.48183440138e-05
-15.7052  0.130992438074  0.131051202861  0.262043640936   -5.87647872487e-05
-15.6852  0.221744213927  0.221839771317  0.443583985243   -9.55573900575e-05
-15.6652  0.363042768908  0.3631924113  0.726235180208   -0.000149642392581
-15.6452  0.575209379562  0.575434968884  1.15064434845   -0.000225589321985
-15.6252  0.882543882611  0.882871154282  1.76541503689   -0.000327271671535
-15.6052  1.31210688069  1.31256364839  2.62467052908   -0.000456767705719
-15.5852  1.89142173054  1.89203487845  3.78345660899   -0.000613147904798
-15.5652  2.64498022239  2.64577165478  5.29075187717   -0.000791432387068
-15.5452  3.58961197257  3.59059404047  7.18020601303   -0.000982067898537
-15.5252  4.72903849289  4.7302097346  9.4592482275   -0.00117124171075
-15.5052  6.04827461899  6.04961681486  12.0978914338   -0.00134219586909
-15.4852  7.50891900877  7.5103964601  15.0193154689   -0.00147745133398
-15.4652  9.04668543935  9.04824700713  18.0949324465   -0.00156156777418
-15.4452  10.5726002674  10.5741841174  21.1467843849   -0.00158384999011
-15.4252  11.9789496359  11.9804899912  23.959439627   -0.00154035531941
-15.4052  13.1502077638  13.1516424603  26.3018502241   -0.00143469644505
-15.3852  13.977907105  13.9791845412  27.9570916462   -0.00127743620209
-15.3652  14.377046422  14.378130659  28.755177081   -0.00108423702768
-15.3452  14.3006604826  14.3015337174  28.6021942   -0.000873234811925
-15.3252  13.7490593666  13.7497216247  27.4987809913   -0.000662258161386
-15.3052  12.771201335  12.7716678109  25.5428691459   -0.000466475871498
-15.2852  11.45750672  11.4578035847  22.9153103046   -0.000296864699573
-15.2652  9.92559202463  9.9257516549  19.8513436795   -0.000159630266571
-15.2452  8.30217774282  8.30223421994  16.6044119628   -5.64771180542e-05
-15.2252  6.70520924804  6.70519472041  13.4104039684   1.45276321497e-05
-15.2052  5.22981560847  5.22975780786  10.4595734163   5.78006077765e-05
-15.1852  3.9403521414  3.94027307533  7.88062521673   7.90660664096e-05
-15.1652  2.86898058446  2.86889624055  5.73787682501   8.4343913584e-05
-15.1452  2.01965099291  2.01957179374  4.03922278665   7.91991638165e-05
-15.1252  1.37539798403  1.37532970755  2.75072769158   6.82764888043e-05
-15.1052  0.906682266234  0.906627172542  1.81330943878   5.50936913979e-05
-15.0852  0.578946291295  0.578904251011  1.15785054231   4.20402838783e-05
-15.0652  0.358305604202  0.358275087793  0.716580691995   3.05164087833e-05
-15.0452  0.215056609542  0.215035461423  0.430092070965   2.11481184071e-05
-15.0252  0.125240630202  0.125226606249  0.25046723645   1.40239530622e-05
-15.0052  0.0707915725286  0.0707826605894  0.141574233118   8.91193919521e-06
-14.9852  0.0388455268028  0.0388400942472  0.07768562105   5.43255557858e-06
-14.9652  0.0206930592154  0.0206898804567  0.0413829396722   3.17875867279e-06
-14.9452  0.0106993013325  0.0106975151019  0.0213968164344   1.78623063703e-06
-14.9252  0.00536765211413  0.00536668785116  0.0107343399653   9.64262968586e-07
-14.9052  0.00261158111212  0.00261108090437  0.0052226620165   5.00207751352e-07
-14.8852  0.00123157842547  0.00123132902138  0.00246290744685   2.49404084864e-07
-14.8652  0.000562580428365  0.000562460878589  0.00112504130695   1.19549775509e-07
-14.8452  0.000248764999864  0.000248709896245  0.00049747489611   5.5103618976e-08
-14.8252  0.000106415309907  0.000106390881342  0.000212806191249   2.44285648584e-08
-14.8052  4.40130018253e-05  4.40025831209e-05  8.80155849462e-05   1.04187044228e-08
-14.7852  1.75916447817e-05  1.75873686185e-05  3.51790134002e-05   4.27616320864e-09
-14.7652  6.79218888312e-06  6.79049935401e-06  1.35826882371e-05   1.68952911532e-09
-14.7452  2.53261078987e-06  2.53196792959e-06  5.06457871946e-06   6.4286028465e-10
-14.7252  9.11825728262e-07  9.11590059964e-07  1.82341578823e-06   2.35668297977e-10
-14.7052  3.16973396385e-07  3.16890116293e-07  6.33863512678e-07   8.32800914261e-11
-14.6852  1.06399177022e-07  1.0637079213e-07  2.12769969153e-07   2.83848920123e-11
-14.6652  3.44943687692e-08  3.44850315358e-08  6.8979400305e-08   9.33723335927e-12
-14.6452  1.08042169609e-08  1.08012504989e-08  2.16054674598e-08   2.96646200129e-12
-14.6252  3.27085079296e-09  3.26993988531e-09  6.54079067826e-09   9.10907648907e-13
-14.6052  9.57585974062e-10  9.57315414576e-10  1.91490138864e-09   2.70559485942e-13
-14.5852  2.71270592724e-10  2.71192799271e-10  5.42463391995e-10   7.77934523936e-14
-14.5652  7.44068442992e-11  7.43851751901e-11  1.48792019489e-10   2.16691091408e-14
-14.5452  1.97737845726e-11  1.97679332611e-11  3.95417178337e-11   5.85131155936e-15
-14.5252  5.09450463958e-12  5.09297203656e-12  1.01874766761e-11   1.5326030252e-15
-14.5052  1.27317037171e-12  1.27278082561e-12  2.54595119732e-12   3.89546095955e-16
-14.4852  3.08767418143e-13  3.08671311002e-13  6.17438729145e-13   9.61071412674e-17
-14.4652  7.26876194869e-14  7.26646021492e-14  1.45352221636e-13   2.30173377387e-17
-14.4452  1.66120146683e-14  1.66066639449e-14  3.32186786132e-14   5.35072335709e-18
-14.4252  3.68541861305e-15  3.68421160387e-15  7.36963021692e-15   1.20700918353e-18
-14.4052  7.93500770829e-16  7.93236668521e-16  1.58673743935e-15   2.6410230777e-19
-14.3852  1.65740989078e-16  1.65684964656e-16  3.31425953734e-16   5.60244214534e-20
-14.3652  3.3566610841e-17  3.3555095355e-17  6.7121706196e-17   1.15154860056e-20
-14.3452  6.587449291e-18  6.58515716687e-18  1.31726064579e-17   2.29212413717e-21
-14.3252  1.25192758911e-18  1.25148600977e-18  2.50341359887e-18   4.41579343567e-22
-14.3052  2.30257321376e-19  2.3017502415e-19  4.60432345527e-19   8.22972258408e-23
-14.2852  4.09596211963e-20  4.09447892704e-20  8.19044104667e-20   1.48319259778e-23
-14.2652  7.04321642307e-21  7.04063223889e-21  1.4083848662e-20   2.58418418128e-24
-14.2452  1.17020326078e-21  1.16976805583e-21  2.33997131661e-21   4.35204955591e-25
-14.2252  1.87790869568e-22  1.87720026756e-22  3.75510896324e-22   7.08428123055e-26
-14.2052  2.91010146061e-23  2.90898672141e-23  5.81908818202e-23   1.1147391995e-26
-14.1852  4.35424158697e-24  4.35254558991e-24  8.70678717688e-24   1.69599705433e-27
-14.1652  6.29059601128e-25  6.28810026444e-25  1.25786962757e-24   2.4957468342e-28
-14.1452  8.77614739367e-26  8.77259360121e-26  1.75487409949e-25   3.55379246042e-29
-14.1252  1.18265793184e-26  1.18216801193e-26  2.36482594378e-26   4.89919911727e-30
-14.1052  1.53998708461e-27  1.53933283345e-27  3.07931991806e-27   6.54251155793e-31
-14.0852  1.93857017801e-28  1.93772334393e-28  3.87629352193e-28   8.46834079955e-32
-14.0652  2.36044123957e-29  2.35937827368e-29  4.71981951325e-29   1.06296588743e-32
-14.0452  2.78175873861e-30  2.78046422767e-30  5.56222296628e-30   1.29451093463e-33
-14.0252  3.17498195553e-31  3.17345191454e-31  6.34843387007e-31   1.53004098509e-34
-14.0052  3.51186010732e-32  3.51010465406e-32  7.02196476138e-32   1.75545325931e-35
-13.9852  3.76674117728e-33  3.764786096e-33  7.53152727328e-33   1.95508127594e-36
-13.9652  3.91964697272e-34  3.91753373002e-34  7.83718070274e-34   2.1132426988e-37
-13.9452  3.95863241864e-35  3.95641633944e-35  7.91504875808e-35   2.21607920044e-38
-13.9252  3.88110871681e-36  3.87885527147e-36  7.75996398828e-36   2.25344533628e-39
-13.9052  3.69400031828e-37  3.69177979498e-37  7.38578011326e-37   2.22052330632e-40
-13.8852  3.41277582966e-38  3.41065701232e-38  6.82343284198e-38   2.11881733415e-41
-13.8652  3.05952463811e-39  3.05756838886e-39  6.11709302698e-39   1.95624924566e-42
-13.8452  2.66035070413e-40  2.6586044618e-40  5.31895516593e-40   1.74624232672e-43
-13.8252  2.24243264305e-41  2.24092673364e-41  4.48335937669e-41   1.50590940565e-44
-13.8052  1.83114947049e-42  1.82989578601e-42  3.6610452565e-42   1.25368447299e-45
-13.7852  1.44767171718e-43  1.44666483931e-43  2.89433655649e-43   1.00687787355e-46
-13.7652  1.10734497586e-44  1.1065653341e-44  2.21391030996e-44   7.79641762552e-48
-13.7452  8.19045538233e-46  8.18463835093e-46  1.63750937333e-45   5.81703139464e-49
-13.7252  5.85495676673e-47  5.85077672079e-47  1.17057334875e-46   4.1800459408e-50
-13.7052  4.04342443016e-48  4.0405327881e-48  8.08395721827e-48   2.89164205668e-51
-13.6852  2.69681794935e-49  2.69489297556e-49  5.39171092491e-49   1.92497379755e-52
-13.6652  1.73679407095e-50  1.73556132324e-50  3.47235539418e-50   1.23274771291e-53
-13.6452  1.07996666095e-51  1.07920745289e-51  2.15917411384e-51   7.59208056325e-55
-13.6252  6.48429082654e-53  6.47979546279e-53  1.29640862893e-52   4.49536374266e-56
-13.6052  3.76002777418e-54  3.75746968099e-54  7.51749745517e-54   2.55809319107e-57
-13.5852  2.12027508522e-55  2.11894195118e-55  4.23921703641e-55   1.3331340412e-58
-13.5652  3.7531568227e-56  3.76449139138e-56  7.51764821407e-56   -1.13345686815e-58
-13.5452  4.70791626894e-55  4.7292476578e-55  9.43716392673e-55   -2.1331388859e-57
-13.5252  8.20642987113e-54  8.24295912936e-54  1.64493890005e-53   -3.65292582313e-56
-13.5052  1.38975416371e-52  1.39581640577e-52  2.78557056947e-52   -6.06224205612e-55
-13.4852  2.28425215163e-51  2.29400927848e-51  4.57826143012e-51   -9.75712684784e-54
-13.4652  3.64417947587e-50  3.65941637458e-50  7.30359585045e-50   -1.52368987065e-52
-13.4452  5.64224938451e-49  5.66534197838e-49  1.13075913629e-48   -2.30925938709e-51
-13.4252  8.47565682579e-48  8.50962595726e-48  1.69852827831e-47   -3.39691314702e-50
-13.4052  1.23472882897e-46  1.23957817598e-46  2.47430700495e-46   -4.84934700828e-49
-13.3852  1.74344674124e-45  1.75016325242e-45  3.49360999366e-45   -6.71651118668e-48
-13.3652  2.38461335027e-44  2.39363477415e-44  4.77824812442e-44   -9.02142388103e-47
-13.3452  3.1573506556e-43  3.16909522346e-43  6.32644587907e-43   -1.17445678601e-45
-13.3252  4.04439513863e-42  4.05920523938e-42  8.10360037801e-42   -1.48101007546e-44
-13.3052  5.00912631601e-41  5.02720444329e-41  1.00363307593e-40   -1.80781272774e-43
-13.2852  5.99559862712e-40  6.01694591449e-40  1.20125445416e-39   -2.13472873759e-42
-13.2652  6.93251986392e-39  6.95689031271e-39  1.38894101766e-38   -2.43704487845e-41
-13.2452  7.74124473033e-38  7.76812808924e-38  1.55093728196e-37   -2.68833589108e-40
-13.2252  8.34671820031e-37  8.37536055673e-37  1.6722078757e-36   -2.86423564195e-39
-13.2052  8.68927068388e-36  8.71873454555e-36  1.74080052294e-35   -2.94638616672e-38
-13.1852  8.73463333441e-35  8.76389002461e-35  1.7498523359e-34   -2.92566901997e-37
-13.1652  8.4797699822e-34  8.50780913958e-34  1.69875791218e-33   -2.80391573827e-36
-13.1452  7.95310485299e-33  7.97904129759e-33  1.59321461506e-32   -2.59364445949e-35
-13.1252  7.20916230522e-32  7.23232105119e-32  1.44414833564e-31   -2.31587459697e-34
-13.1052  6.31904564053e-31  6.33901127425e-31  1.26580569148e-30   -1.99656337238e-33
-13.0852  5.35910333404e-30  5.37572856734e-30  1.07348319014e-29   -1.66252332985e-32
-13.0652  4.40030408967e-29  4.41368134805e-29  8.81398543772e-29   -1.33772583771e-31
-13.0452  3.50029973919e-28  3.51070657047e-28  7.01100630966e-28   -1.04068312741e-30
-13.0252  2.6991746614e-27  2.70700697529e-27  5.40618163669e-27   -7.83231388335e-30
-13.0052  2.01884061542e-26  2.02454711212e-26  4.04338772754e-26   -5.70649670466e-29
-12.9852  1.46525546596e-25  1.46928310182e-25  2.93453856779e-25   -4.02763586169e-28
-12.9652  1.03227929015e-24  1.03503487704e-24  2.06731416719e-24   -2.75558688903e-27
-12.9452  7.06011946862e-24  7.07840528771e-24  1.41385247563e-23   -1.82858190972e-26
-12.9252  4.68745770498e-23  4.69923261372e-23  9.3866903187e-23   -1.17749087333e-25
-12.9052  3.02047701693e-22  3.02783718764e-22  6.04831420458e-22   -7.36017071464e-25
-12.8852  1.88825314921e-21  1.89271974704e-21  3.78097289625e-21   -4.46659782696e-24
-12.8652  1.14464290711e-20  1.14727449588e-20  2.29191740299e-20   -2.63158876953e-23
-12.8452  6.72427748638e-20  6.73932723302e-20  1.34636047194e-19   -1.50497466427e-22
-12.8252  3.82567579286e-19  3.83402722539e-19  7.65970301825e-19   -8.35143253421e-22
-12.8052  2.10657526865e-18  2.11107007454e-18  4.21764534319e-18   -4.49480588097e-21
-12.7852  1.12198085922e-17  1.1243258498e-17  2.24630670902e-17   -2.3449905825e-20
-12.7652  5.77688859633e-17  5.78874073933e-17  1.15656293357e-16   -1.18521429914e-19
-12.7452  2.87408891515e-16  2.87988888135e-16  5.7539777965e-16   -5.79996620165e-19
-12.7252  1.38116679643e-15  1.38391337609e-15  2.76508017253e-15   -2.74657965981e-18
-12.7052  6.40948677844e-15  6.42206717215e-15  1.28315539506e-14   -1.25803937096e-17
-12.6852  2.87194072122e-14  2.87751220679e-14  5.749452928e-14   -5.57148557268e-17
-12.6652  1.24251176802e-13  1.24489689656e-13  2.48740866458e-13   -2.38512854237e-16
-12.6452  5.19098779179e-13  5.20085650143e-13  1.03918442932e-12   -9.86870963573e-16
-12.6252  2.09473065864e-12  2.09867720604e-12  4.19340786468e-12   -3.9465474054e-15
-12.6052  8.16749765497e-12  8.18275362628e-12  1.63502512812e-11   -1.52559713072e-14
-12.5852  3.0784452442e-11  3.08414740383e-11  6.16259264804e-11   -5.70215963345e-14
-12.5652  1.12225679454e-10  1.12431826155e-10  2.24657505609e-10   -2.06146701918e-13
-12.5452  3.95946293968e-10  3.96667489158e-10  7.92613783126e-10   -7.21195190633e-13
-12.5252  1.35283118233e-09  1.35527405634e-09  2.70810523867e-09   -2.44287401247e-12
-12.5052  4.47913246001e-09  4.48714868855e-09  8.96628114856e-09   -8.0162285364e-12
-12.4852  1.43796682635e-08  1.44051664124e-08  2.87848346759e-08   -2.54981489053e-11
-12.4652  4.47851220116e-08  4.48637806954e-08  8.96489027069e-08   -7.8658683808e-11
-12.4452  1.35369294306e-07  1.35604732044e-07  2.7097402635e-07   -2.35437737311e-10
-12.4252  3.97202420943e-07  3.9788638468e-07  7.95088805623e-07   -6.83963737621e-10
-12.4052  1.13145187138e-06  1.1333806575e-06  2.26483252888e-06   -1.92878612646e-09
-12.3852  3.12853407805e-06  3.13381387141e-06  6.26234794945e-06   -5.27979335986e-09
-12.3652  8.39459818893e-06  8.40862435107e-06  1.680322254e-05   -1.40261621352e-08
-12.3452  2.18485662438e-05  2.18847139796e-05  4.37332802235e-05   -3.61477358015e-08
-12.3252  5.51278742912e-05  5.52181995946e-05  0.000110346073886   -9.03253034686e-08
-12.3052  0.000134764477232  0.000134983172208  0.00026974764944   -2.18694975436e-07
-12.2852  0.000318972894308  0.000319485578654  0.000638458472962   -5.12684346009e-07
-12.2652  0.000730515380525  0.000731678184547  0.00146219356507   -1.16280402188e-06
-12.2452  0.00161787440467  0.00162042398686  0.00323829839152   -2.54958218983e-06
-12.2252  0.00346317256523  0.0034685727428  0.00693174530804   -5.40017756834e-06
-12.2052  0.00716195757663  0.00717299869024  0.0143349562669   -1.10411136179e-05
-12.1852  0.0143046987694  0.0143264757442  0.0286311745137   -2.17769747769e-05
-12.1652  0.0275884261738  0.0276298360581  0.0552182622318   -4.14098843292e-05
-12.1452  0.0513737640744  0.0514496398631  0.102823403938   -7.58757886643e-05
-12.1252  0.0923721651147  0.0925060693761  0.184878234491   -0.00013390426142
-12.1052  0.160397907748  0.160625419233  0.321023326981   -0.000227511485229
-12.0852  0.269053309687  0.269425341213  0.5384786509   -0.000372031526687
-12.0652  0.436146484791  0.436731806153  0.872878290945   -0.00058532136175
-12.0452  0.683589898909  0.684475698794  1.3680655977   -0.000885799884824
-12.0252  1.03651908763  1.03780824533  2.07432733297   -0.00128915770076
-12.0052  1.5214228483  1.52322677372  3.04464962202   -0.00180392541683
-11.9852  2.16319426211  2.16562082865  4.32881509077   -0.00242656654098
-11.9652  2.98118549783  2.98432273188  5.96550822971   -0.00313723404204
-11.9452  3.98455754941  3.98845514968  7.97301269909   -0.00389760027184
-11.9252  5.1674367658  5.17208881118  10.339525577   -0.00465204537671
-11.9052  6.50460388618  6.50993676231  13.0145406485   -0.00533287613341
-11.8852  7.94862245531  7.95449168682  15.9031141421   -0.00586923150845
-11.8652  9.42941033688  9.4356085301  18.865018867   -0.00619819321857
-11.8452  10.857181595  10.8634573488  21.7206389438   -0.00627575385196
-11.8252  12.1293299357  12.1354149928  24.2647449285   -0.00608505714223
-11.8052  13.1411268712  13.1467667396  26.2878936107   -0.00563986839416
-11.7852  13.7991302354  13.8041126566  27.6032428921   -0.00498242123988
-11.7652  14.035176855  14.0393530871  28.0745299421   -0.00417623214783
-11.7452  13.8181367331  13.8214324265  27.6395691596   -0.00329569348287
-11.7252  13.160601387  13.1630162573  26.3236176443   -0.00241487031113
-11.7052  12.1185433144  12.1201411198  24.2386844343   -0.00159780542408
-11.6852  10.783570565  10.78446249  21.568033055   -0.000891925039344
-11.6652  9.26924627916  9.26957143559  18.5388177147   -0.000325156431296
-11.6452  7.69443388789  7.69434035086  15.3887742388   9.35370365696e-05
-11.6252  6.16725650444  6.16688540923  12.3341419137   0.000371095211866
-11.6052  4.7728389451  4.77231305609  9.54515200119   0.000525889002642
-11.5852  3.56673892737  3.56615605654  7.13289498391   0.000582870823149
-11.5652  2.57435820345  2.57378907035  5.1481472738   0.000569133102998
-11.5452  1.79520299793  1.79469263156  3.58989562949   0.000510366372406
-11.5252  1.21002701889  1.20959857573  2.41962559462   0.000428443159362
-11.5052  0.788756664747  0.788416521051  1.5771731858   0.000340143696183
-11.4852  0.497527823116  0.49727093796  0.994798761075   0.000256885155896
-11.4652  0.303875781992  0.303690567557  0.607566349549   0.000185214435033
-11.4452  0.179829245964  0.179701470304  0.359530716268   0.00012777566049
-11.4252  0.103175598629  0.103091130881  0.20626672951   8.44677470921e-05
-11.4052  0.057422281846  0.0573687244494  0.114791006295   5.35573965934e-05
-11.3852  0.0310137815458  0.0309811893879  0.0619949709337   3.25921578744e-05
-11.3652  0.0162599304681  0.0162408862351  0.0325008167032   1.90442330384e-05
-11.3452  0.00827591227241  0.00826522403558  0.016541136308   1.06882368256e-05
-11.3252  0.00408894009371  0.00408317719433  0.00817211728805   5.76289937936e-06
-11.3052  0.00196061227746  0.0019576265701  0.00391823884756   2.98570735946e-06
-11.2852  0.00091197031863  0.000910483726452  0.00182245404508   1.48659217832e-06
-11.2652  0.000411289489508  0.000410578051186  0.000821867540693   7.11438321754e-07
-11.2452  0.000179733005016  0.000179405704799  0.000359138709814   3.27300216996e-07
-11.2252  7.60572563363e-05  7.59124837523e-05  0.000151969740089   1.4477258401e-07
-11.2052  3.11463178167e-05  3.10847387944e-05  6.22310566111e-05   6.15790222699e-08
-11.1852  1.23356863014e-05  1.23104937364e-05  2.46461800377e-05   2.51925650256e-08
-11.1652  4.72255410963e-06  4.71263880275e-06  9.43519291238e-06   9.91530688513e-09
-11.1452  1.74683850743e-06  1.74308313961e-06  3.48992164704e-06   3.75536781387e-09
-11.1252  6.24081714438e-07  6.22712567637e-07  1.24679428208e-06   1.3691468006e-09
-11.1052  2.15299892691e-07  2.14819207692e-07  4.30119100383e-07   4.80684998536e-10
-11.0852  7.17155514838e-08  7.15529698029e-08  1.43268521287e-07   1.62581680912e-10
-11.0652  2.30652135574e-08  2.30122108248e-08  4.60774243822e-08   5.30027325592e-11
-11.0452  7.16370006522e-09  7.14703587044e-09  1.43107359357e-08   1.66641947794e-11
-11.0252  2.14914852192e-09  2.1440925815e-09  4.29324110342e-09   5.05594041456e-12
-11.0052  6.23027121905e-10  6.21545800941e-10  1.24457292285e-09   1.48132096371e-12
-10.9852  1.7460843884e-10  1.7418902272e-10  3.48797461559e-10   4.19416119582e-13
-10.9652  4.733516334e-11  4.72203157028e-11  9.45554790428e-11   1.14847637184e-13
-10.9452  1.24202845196e-11  1.23898466452e-11  2.48101311648e-11   3.04378743984e-14
-10.9252  3.15638230685e-12  3.14856883356e-12  6.30495114041e-12   7.81347329223e-15
-10.9052  7.7738560088e-13  7.75441558912e-13  1.55282715979e-12   1.94404196819e-15
-10.8852  1.85668042601e-13  1.85198954514e-13  3.70866997114e-13   4.69088087256e-16
-10.8652  4.30415368064e-14  4.29316768172e-14  8.59732136236e-14   1.09859989127e-16
-10.8452  9.77683273245e-15  9.75164868216e-15  1.95284814146e-14   2.51840502887e-17
-10.8252  2.6029060682e-15  2.59626757233e-15  5.19917364053e-15   6.63849586506e-18
-10.8052  2.73507382591e-15  2.72859972551e-15  5.46367355142e-15   6.47410040539e-18
-10.7852  1.03891789909e-14  1.0365116191e-14  2.07542951819e-14   2.4062799893e-17
-10.7652  4.47803430828e-14  4.46768580125e-14  8.94572010953e-14   1.03485070307e-16
-10.7452  1.87946277373e-13  1.87512359417e-13  3.75458636791e-13   4.33917955818e-16
-10.7252  7.62456267085e-13  7.60697396255e-13  1.52315366334e-12   1.75887083007e-15
-10.7052  2.99001121094e-12  2.98311893073e-12  5.97313014167e-12   6.89228020788e-15
-10.6852  1.13405764261e-11  1.13144541834e-11  2.26550306095e-11   2.6122242679e-14
-10.6652  4.16260408745e-11  4.15302267474e-11  8.31562676219e-11   9.58141271165e-14
-10.6452  1.47959314462e-10  1.47618992585e-10  2.95578307048e-10   3.40321877232e-13
-10.6252  5.09620514195e-10  5.08449231485e-10  1.01806974568e-09   1.17128270991e-12
-10.6052  1.70193142509e-09  1.69802303241e-09  3.3999544575e-09   3.90839267805e-12
-10.5852  5.51385791435e-09  5.50120716478e-09  1.10150650791e-08   1.26507495697e-11
-10.5652  1.73365406841e-08  1.72968051504e-08  3.46333458346e-08   3.97355337108e-11
-10.5452  5.29139982824e-08  5.27928601347e-08  1.05706858417e-07   1.21138147749e-10
-10.5252  1.56787544983e-07  1.5642908752e-07  3.13216632503e-07   3.58457462665e-10
-10.5052  4.50959854832e-07  4.49930458234e-07  9.00890313066e-07   1.02939659733e-09
-10.4852  1.25871405691e-06  1.25584611113e-06  2.51456016804e-06   2.86794578014e-09
-10.4652  3.40794139125e-06  3.40019342943e-06  6.80813482067e-06   7.74796182245e-09
-10.4452  8.94533187189e-06  8.92504747632e-06  1.78703793482e-05   2.02843955709e-08
-10.4252  2.27494999841e-05  2.26980736567e-05  4.54475736408e-05   5.14263273833e-08
-10.4052  5.60191746186e-05  5.58930132038e-05  0.000111912187822   1.26161414727e-07
-10.3852  0.000133479096512  0.000133179837293  0.000266658933804   2.99259218787e-07
-10.3652  0.000307568975664  0.000306883144102  0.000614452119766   6.85831561445e-07
-10.3452  0.000685009063532  0.00068349158718  0.00136850065071   1.51747635279e-06
-10.3252  0.00147396218982  0.00147072275  0.00294468493982   3.23943982494e-06
-10.3052  0.00306316695284  0.0030564989198  0.00611966587264   6.668033032e-06
-10.2852  0.00614692540951  0.00613369812544  0.0122806235349   1.32272840656e-05
-10.2652  0.0119099472335  0.0118846727197  0.0237946199532   2.52745138429e-05
-10.2452  0.0222813751101  0.0222348748199  0.0445162499301   4.65002902089e-05
-10.2252  0.0402553519377  0.0401730071518  0.0804283590895   8.2344785867e-05
-10.2052  0.0702547648094  0.070114453129  0.140369217938   0.000140311680371
-10.1852  0.11848622827  0.118256233109  0.236742461378   0.000229995161385
-10.1652  0.193202275057  0.19283968309  0.386041958147   0.000362591967098
-10.1452  0.304758748786  0.304209062565  0.608967811351   0.000549686221558
-10.1252  0.465340894061  0.464539688022  0.929880582083   0.000801206038343
-10.1052  0.688239065634  0.68711639416  1.37535545979   0.00112267147385
-10.0852  0.986589676425  0.985077522908  1.97166719933   0.00151215351703
-10.0652  1.37156090664  1.36960324738  2.74116415402   0.00195765926521
-10.0452  1.85005589499  1.84762007012  3.6976759651   0.00243582487292
-10.0252  2.42212790265  2.419215189  4.84134309165   0.00291271364945
-10.0052  3.07844742722  3.07510030369  6.15354773091   0.00334712352914
-9.9852  3.7983121884  3.79461602641  7.59292821481   0.00369616199186
-9.9652  4.5488048085  4.5448826816  9.09368749011   0.00392212689795
-9.9452  5.28571153512  5.28171234358  10.5674238787   0.00399919154638
-9.9252  5.95664333288  5.95272507324  11.9093684061   0.00391825963368
-9.9052  6.5064071156  6.50271838662  13.0091255022   0.00368872898439
-9.8852  6.88409994216  6.88076325028  13.7648631924   0.00333669187932
-9.8652  7.05078670602  7.04788665694  14.098673363   0.0029000490828
-9.8452  6.98619153687  6.98376973368  13.9699612706   0.0024218031849
-9.8252  6.69279659714  6.69085342815  13.3836500253   0.00194316898764
-9.8052  6.19619873036  6.19470072622  12.3908994566   0.00149800414316
-9.7852  5.54144027995  5.54033075942  11.0817710394   0.00110952053045
-9.7652  4.78604596311  4.78525644855  9.57130241166   0.000789514553422
-9.7452  3.99132413145  3.99078442505  7.9821085565   0.000539706397536
-9.7252  3.21385060197  3.21349621744  6.4273468194   0.00035438453188
-9.7052  2.49884648469  2.4986230161  4.9974695008   0.000223468588059
-9.6852  1.87649940891  1.87636413637  3.75286354528   0.000135272544041
-9.6652  1.36142186199  1.36134331353  2.72276517553   7.85484600092e-05
-9.6452  0.954683530903  0.954639837345  1.90932336825   4.36935582863e-05
-9.6252  0.647404426822  0.647381201411  1.29478562823   2.32254113403e-05
-9.6052  0.424814744955  0.424803003627  0.849617748582   1.17413273411e-05
-9.5852  0.269903441331  0.269897848402  0.539801289733   5.59292837415e-06
-9.5652  0.16614361029  0.16614114838  0.33228475867   2.46191054082e-06
-9.5452  0.0991502340849  0.0991492780426  0.198299512127   9.56042352881e-07
-9.5252  0.0573952431687  0.0573949605364  0.114790203705   2.82632269019e-07
-9.5052  0.0322417171322  0.0322417042752  0.0644834214074   1.28570759247e-08
-9.4852  0.0175810287416  0.0175811025907  0.0351621313324   -7.38490986661e-08
-9.4652  0.00930686072782  0.0093069458598  0.0186138065876   -8.51319795561e-08
-9.4452  0.00478260865064  0.0047826790927  0.00956528774333   -7.04420612214e-08
-9.4252  0.00238518801308  0.00238523870486  0.00477042671794   -5.06917781865e-08
-9.4052  0.00115399156566  0.00115402509397  0.00230801665964   -3.35283112146e-08
-9.3852  0.000541349659865  0.000541370504419  0.00108272016428   -2.08445541026e-08
-9.3652  0.000246085218357  0.000246097528269  0.000492182746626   -1.23099116931e-08
-9.3452  0.000108329179164  0.000108336121567  0.000216665300731   -6.94240355278e-09
-9.3252  4.61506374985e-05  4.61543869733e-05  9.23050244717e-05   -3.74947483399e-09
-9.3052  1.90159512107e-05  1.90178933782e-05  3.80338445888e-05   -1.9421674801e-09
-9.2852  7.57409367231e-06  7.57505930257e-06  1.51491529749e-05   -9.6563025946e-10
-9.2652  2.91486110837e-06  2.9153221449e-06  5.83018325327e-06   -4.61036526781e-10
-9.2452  1.08349544702e-06  1.08370687657e-06  2.16720232359e-06   -2.11429546222e-10
-9.2252  3.88915839869e-07  3.89008985028e-07  7.77924824898e-07   -9.3145158948e-11
-9.2052  1.34788673637e-07  1.34828096837e-07  2.69616770474e-07   -3.94231995318e-11
-9.1852  4.51049487372e-08  4.5120979685e-08  9.02259284222e-08   -1.60309477974e-11
-9.1652  1.45755719461e-08  1.45818351078e-08  2.91574070539e-08   -6.26316166277e-12
-9.1452  4.54954082797e-09  4.55189188204e-09  9.10143271e-09   -2.35105406914e-12
-9.1252  1.37217466024e-09  1.37302261335e-09  2.74519727359e-09   -8.47953101749e-13
-9.1052  4.00088610665e-10  4.0038246104e-10  8.00471071706e-10   -2.93850374881e-13
-9.0852  1.12842710804e-10  1.12940554059e-10  2.25783264863e-10   -9.78432548775e-14
-9.0652  3.08339700817e-11  3.08652734678e-11  6.16992435494e-11   -3.13033860972e-14
-9.0452  8.28768286895e-12  8.29730594662e-12  1.65849888156e-11   -9.6230776615e-15
-9.0252  2.67954035588e-12  2.6823828961e-12  5.36192325199e-12   -2.84254021844e-15
-9.0052  2.85847786224e-12  2.85928468567e-12  5.7177625479e-12   -8.06823429599e-16
-8.9852  9.0526577051e-12  9.052877765e-12  1.81055354701e-11   -2.20059905321e-16
-8.9652  3.3006014026e-11  3.30060717037e-11  6.60120857297e-11   -5.76776543598e-17
-8.9452  1.18024477179e-10  1.18024491706e-10  2.36048968885e-10   -1.45276436445e-17
-8.9252  4.09477319274e-10  4.09477322791e-10  8.18954642065e-10   -3.5166079308e-18
-8.9052  1.37811877422e-09  1.37811877503e-09  2.75623754925e-09   -8.1812277805e-19
-8.8852  4.50099985741e-09  4.50099985759e-09  9.00199971501e-09   -1.82939264272e-19
-8.8652  1.42697883721e-08  1.42697883722e-08  2.85395767443e-08   -3.93208575983e-20
-8.8452  4.39196698925e-08  4.39196698925e-08  8.78393397849e-08   -8.12622233772e-21
-8.8252  1.3122041625e-07  1.3122041625e-07  2.62440832499e-07   -1.6146565557e-21
-8.8052  3.80483737018e-07  3.80483737018e-07  7.60967474036e-07   -3.1763735522e-22
-8.7852  1.07025595108e-06  1.07025595108e-06  2.14051190217e-06   0.0
-8.7652  2.91895843602e-06  2.91895843602e-06  5.83791687203e-06   -4.23516473627e-22
-8.7452  7.71424554346e-06  7.71424554346e-06  1.54284910869e-05   0.0
-8.7252  1.97425848343e-05  1.97425848343e-05  3.94851696686e-05   0.0
-8.7052  4.88967489118e-05  4.88967489118e-05  9.77934978237e-05   0.0
-8.6852  0.000117127235209  0.000117127235209  0.000234254470417   0.0
-8.6652  0.000271208300439  0.000271208300439  0.000542416600878   0.0
-8.6452  0.000606762690633  0.000606762690633  0.00121352538127   0.0
-8.6252  0.00131115646667  0.00131115646667  0.00262231293335   0.0
-8.6052  0.00273595434202  0.00273595434202  0.00547190868405   0.0
-8.5852  0.00551230777779  0.00551230777779  0.0110246155556   0.0
-8.5652  0.0107234345033  0.0107234345033  0.0214468690066   0.0
-8.5452  0.0201451043227  0.0201451043227  0.0402902086454   0.0
-8.5252  0.0365554336518  0.0365554336518  0.0731108673035   0.0
-8.5052  0.0640976331078  0.0640976331078  0.128195266216   1.38777878078e-17
-8.4852  0.108653736607  0.108653736607  0.217307473214   2.77555756156e-17
-8.4652  0.178156499357  0.178156499357  0.356312998714   8.32667268469e-17
-8.4452  0.282736081531  0.282736081531  0.565472163061   2.77555756156e-16
-8.4252  0.434575244984  0.434575244984  0.869150489968   9.99200722163e-16
-8.4052  0.647339570173  0.647339570173  1.29467914035   2.88657986403e-15
-8.3852  0.935065408131  0.935065408131  1.87013081626   8.65973959208e-15
-8.3652  1.31043584645  1.31043584645  2.62087169291   2.50910403565e-14
-8.3452  1.78246268562  1.78246268562  3.56492537125   7.01660951563e-14
-8.3252  2.35372805924  2.35372805924  4.70745611847   1.86961557347e-13
-8.3052  3.0175219143  3.0175219143  6.0350438286   4.78728168218e-13
-8.2852  3.7554180081  3.7554180081  7.5108360162   1.18038911978e-12
-8.2652  4.53600397617  4.53600397617  9.07200795233   2.79776202206e-12
-8.2452  5.31553028088  5.31553028088  10.6310605618   6.37623287503e-12
-8.2252  6.04107223482  6.04107223481  12.0821444696   1.39932510024e-11
-8.2052  6.65635666384  6.65635666381  13.3127133277   2.95834468034e-11
-8.1852  7.10973540603  7.10973540597  14.219470812   6.03384009423e-11
-8.1652  7.36305696919  7.36305696907  14.7261139383   1.18928866755e-10
-8.1452  7.39964436078  7.39964436055  14.7992887213   2.27112550988e-10
-8.1252  7.22947028609  7.22947028566  14.4589405718   4.21633394865e-10
-8.1052  6.89004611009  6.89004610933  13.7800922194   7.64336149928e-10
-8.0852  6.44242826582  6.44242826446  12.8848565303   1.36024080888e-09
-8.0652  5.96283599382  5.96283599143  11.9256719853   2.39060149454e-09
-8.0452  5.53133417992  5.53133417575  11.0626683557   4.17286472043e-09
-8.0252  5.21959939383  5.21959938656  10.4391987804   7.26584747923e-09
-8.0052  5.07986110211  5.07986108947  10.1597221916   1.26442873949e-08
-7.9852  5.13677718414  5.13677716217  10.2735543463   2.19682707581e-08
-7.9652  5.38344310693  5.38344306896  10.7668861759   3.79636642123e-08
-7.9452  5.78210805842  5.78210799352  11.5642160519   6.49012807941e-08
-7.9252  6.26954825456  6.26954814545  12.5390964   1.09110045443e-07
-7.9052  6.76641873889  6.7664185595  13.5328372984   1.79384392673e-07
-7.8852  7.18926416334  7.18926387627  14.3785280396   2.87065541116e-07
-7.8652  7.46329461914  7.46329417361  14.9265887927   4.45525481396e-07
-7.8452  7.53370171147  7.53370104266  15.0674027541   6.68812293547e-07
-7.8252  7.37340260439  7.37340163501  14.7468042394   9.6938154126e-07
-7.8052  6.98575265894  6.98575130376  13.9715039627   1.35517734101e-06
-7.7852  6.40185918374  6.4018573569  12.8037165406   1.8268416051e-06
-7.7652  5.67336208291  5.67335970642  11.3467217893   2.37648684642e-06
-7.7452  4.86253769073  4.8625347005  9.72507239124   2.99023433925e-06
-7.7252  4.03202207867  4.03201842104  8.0640404997   3.65762956367e-06
-7.7052  3.23623814148  3.2362337492  6.47247189068   4.39227954141e-06
-7.6852  2.5158827709  2.51587750096  5.03176027185   5.26994355221e-06
-7.6652  1.89588333685  1.89587684367  3.79176018052   6.49318659907e-06
-7.6452  1.38638820398  1.38637970849  2.77276791247   8.4954950037e-06
-7.6252  0.985836008602  0.985823907379  1.97165991598   1.21012228993e-05
-7.6052  0.685015645136  0.684996887598  1.37001253273   1.87575377175e-05
-7.5852  0.471204123067  0.471173278668  0.942377401735   3.08443987283e-05
-7.5652  0.33179830476  0.331746265219  0.663544569978   5.20395412043e-05
-7.5452  0.257184365261  0.257096707168  0.514281072428   8.76580931789e-05
-7.5252  0.242811617297  0.242666820465  0.485478437762   0.000144796831154
-7.5052  0.290518771018  0.290286769264  0.580805540282   0.000232001753586
-7.4852  0.40912308949  0.408765009537  0.817888099028   0.000358079952913
-7.4652  0.614186308167  0.613656650256  1.22784295842   0.000529657911599
-7.4452  0.926790231651  0.926042997256  1.85283322891   0.000747234394388
-7.4252  1.37115653079  1.37015666791  2.74131319869   0.000999862882969
-7.4052  1.97106762038  1.96980838147  3.94087600185   0.00125923891166
-7.3852  2.74528151169  2.74380675815  5.48908826984   0.00147475354178
-7.3652  3.7024265794  3.70085483367  7.40328141307   0.0015717457358
-7.3452  4.83612148111  4.83466611258  9.67078759369   0.00145536853285
-7.3252  6.12120004974  6.12017823739  12.2413782871   0.00102181234373
-7.3052  7.51187828331  7.51170133943  15.0235796227   0.000176943877109
-7.2852  8.94248796122  8.94362800894  17.8861159702   -0.00114004772441
-7.2652  10.3310753141  10.3340082818  20.6650835959   -0.00293296767601
-7.2452  11.5857905671  11.5909220915  23.1767126585   -0.00513152436653
-7.2252  12.6136136682  12.6212009379  25.2348146061   -0.00758726974459
-7.2052  13.3305758766  13.3406624129  26.6712382895   -0.010086536224
-7.1852  13.6722486905  13.6846286762  27.3568773667   -0.0123799856751
-7.1652  13.6029374843  13.6171609115  27.2200983958   -0.0142234271556
-7.1452  13.1218720607  13.137292773  26.2591648337   -0.0154207123334
-7.1252  12.2648996255  12.2807579035  24.545657529   -0.015858278006
-7.1052  11.1008588507  11.1163817373  22.217240588   -0.0155228865273
-7.0852  9.72287670863  9.73737543919  19.4602521478   -0.0144987305584
-7.0652  8.23601265787  8.24895839504  16.4849710529   -0.0129457371665
-7.0452  6.74359137497  6.75465707167  13.4982484466   -0.0110656966937
-7.0252  5.33487823667  5.34394349037  10.678821727   -0.00906525369811
-7.0052  4.0763323567  4.08345667136  8.15978902806   -0.0071243146655
-6.9852  3.00766529683  3.01304090738  6.02070620421   -0.00537561054643
-6.9652  2.14269410134  2.1465913782  4.28928547954   -0.0038972768587
-6.9452  1.47391175084  1.47662852612  2.95054027696   -0.002716775273
-6.9252  0.97910000073  0.980922260908  1.96002226164   -0.00182226017853
-6.9052  0.628264628955  0.629441531742  1.2577061607   -0.00117690278657
-6.8852  0.389567513729  0.390299940903  0.779867454632   -0.000732427174474
-6.8652  0.233536943885  0.233976502806  0.46751344669   -0.000439558920918
-6.8452  0.135426999166  0.13568159441  0.271108593576   -0.000254595244182
-6.8252  0.0760153282724  0.0761577679421  0.152173096214   -0.000142439669691
-6.8052  0.0413261287451  0.0414031723364  0.0827293010815   -7.70435913352e-05
-6.7852  0.0217747438721  0.0218150662948  0.0435898101669   -4.03224227089e-05
-6.7652  0.0111260536916  0.0111464913726  0.0222725450642   -2.04376810213e-05
-6.7452  0.00551573717136  0.00552577728087  0.0110415144522   -1.00401095097e-05
-6.7252  0.00265398265901  0.00265876648276  0.00531274914177   -4.78382375844e-06
-6.7052  0.00123969680253  0.00124190885795  0.00248160566048   -2.2120554213e-06
-6.6852  0.000562199850675  0.000563192941332  0.00112539279201   -9.93090656594e-07
-6.6652  0.000247586187583  0.000248019166574  0.000495605354157   -4.32978991029e-07
-6.6452  0.00010612544551  0.000106308786658  0.000212434232168   -1.83341148885e-07
-6.6252  4.50166479603e-05  4.50920332263e-05  9.01086811867e-05   -7.53852660372e-08
-6.6052  2.08847932846e-05  2.09148669209e-05  4.17996602055e-05   -3.00736363437e-08
-6.5852  1.53529047038e-05  1.53645040401e-05  3.07174087439e-05   -1.15993363232e-08
-6.5652  2.38039254106e-05  2.38081795513e-05  4.76121049619e-05   -4.25414063636e-09
-6.5452  5.22338572351e-05  5.2235217397e-05  0.000104469074632   -1.3601619458e-09
-6.5252  0.000120543303805  0.00012054347468  0.000241086778485   -1.70875288989e-10
-6.5052  0.000273481248445  0.0002734808751  0.000546962123546   3.73344884142e-10
-6.4852  0.000603448849732  0.000603448313527  0.00120689716326   5.36204983084e-10
-6.4652  0.00129304197642  0.00129304201308  0.0025860839895   -3.66622342294e-11
-6.4452  0.00268978546069  0.00268978817469  0.00537957363538   -2.71400739946e-09
-6.4252  0.00543056839546  0.00543057950645  0.0108611479019   -1.11109916918e-08
-6.4052  0.0106372654725  0.0106372993845  0.021274564857   -3.39120297902e-08
-6.3852  0.020204701089  0.020204791886  0.040409492975   -9.07970690266e-08
-6.3652  0.0371924392809  0.0371926634337  0.0743851027146   -2.24152783973e-07
-6.3452  0.0663068348799  0.0663073557712  0.132614190651   -5.20891277625e-07
-6.3252  0.114414814501  0.114415965144  0.228830779645   -1.15064321714e-06
-6.3052  0.19096717149  0.190969599712  0.381936771202   -2.42822191282e-06
-6.2852  0.308138710479  0.308143618755  0.616282329234   -4.90827606425e-06
-6.2652  0.480441123712  0.480450640137  0.960891763849   -9.5164256263e-06
-6.2452  0.723568857293  0.723586568778  1.44715542607   -1.77114853557e-05
-6.2252  1.05233480484  1.0523664607  2.10470126554   -3.16558585149e-05
-6.2052  1.4777577816  1.47781212809  2.95556990969   -5.43464921365e-05
-6.1852  2.00365289883  2.00374253089  4.00739542973   -8.96320574295e-05
-6.1652  2.62337402374  2.62351604777  5.24689007151   -0.000142024031095
-6.1452  3.31755170382  3.31776791908  6.6353196229   -0.00021621525431
-6.1252  4.05364914668  4.05396541058  8.10761455726   -0.000316263905334
-6.1052  4.78786724699  4.78831173632  9.5761789833   -0.000444489331962
-6.0852  5.46940909394  5.47000934083  10.9394184348   -0.00060024688408
-6.0652  6.04650826334  6.04728713132  12.0937953947   -0.000778867976259
-6.0452  6.47313208993  6.47410320908  12.947235299   -0.000971119158187
-6.0252  6.71506396691  6.71622746809  13.431291435   -0.00116350117502
-6.0052  6.75421823087  6.75555778334  13.5097760142   -0.00133955246887
-5.9852  6.5904846433  6.59196670695  13.1824513503   -0.00148206365109
-5.9652  6.24097301984  6.24254884172  12.4835218616   -0.00157582187877
-5.9452  5.73704512335  5.73865541109  11.4757005344   -0.00161028773672
-5.9252  5.11985029702  5.12143185009  10.2412821471   -0.00158155306402
-5.9052  4.4351901151  4.43668319039  8.87187330549   -0.00149307528569
-5.8852  3.72847437016  3.72982936653  7.4583037367   -0.0013549963702
-5.8652  3.04037647959  3.04155871065  6.08193519024   -0.00118223106907
-5.8452  2.40361359813  2.40460542042  4.80821901855   -0.00099182228956
-5.8252  1.84109037785  1.84189058798  3.68298096582   -0.000800210132183
-5.8052  1.36545571314  1.36607672283  2.73153243597   -0.000621009694931
-5.7852  0.979931502317  0.980395182436  1.96032668475   -0.000463680119411
-5.7652  0.680103222649  0.680436406258  1.36053962891   -0.000333183609337
-5.7452  0.456250240643  0.456480718646  0.912730959289   -0.000230478003236
-5.7252  0.295769903752  0.29592343429  0.591693338043   -0.000153530537688
-5.7052  0.1853191992  0.18541770475  0.37073690395   -9.85055498895e-05
-5.6852  0.112436397849  0.11249723983  0.224933637679   -6.08419805839e-05
-5.6652  0.0665684622533  0.0666045120786  0.133172974332   -3.60498252609e-05
-5.6452  0.0395734682195  0.0395936376522  0.0791671058718   -2.01694327274e-05
-5.6252  0.0258616091148  0.0258715302779  0.0517331393927   -9.92116318354e-06
-5.6052  0.0223751258916  0.0223777405088  0.0447528664004   -2.61461725676e-06
-5.5852  0.0285943123912  0.0285902060937  0.0571845184849   4.10629742904e-06
-5.5652  0.0467071058339  0.0466944889571  0.0934015947909   1.26168768054e-05
-5.5452  0.0820045740278  0.0819788655419  0.16398343957   2.5708485832e-05
-5.5252  0.143469516578  0.143422545908  0.286892062486   4.697066978e-05
-5.5052  0.244415093402  0.244334013098  0.488749106501   8.10803038113e-05
-5.4852  0.402916894223  0.402783005006  0.805699899229   0.000133889217044
-5.4652  0.6416915039  0.641479325069  1.28317082897   0.000212178830852
-5.4452  0.987047682434  0.9867247226  1.97377240503   0.00032295983433
-5.4252  1.46661532785  1.46614306735  2.93275839521   0.000472260500008
-5.4052  2.10576579613  2.1051023175  4.21086811363   0.000663478637613
-5.3852  2.92295648542  2.92206093346  5.84501741888   0.000895551965501
-5.3652  3.92459257109  3.92343119188  7.84802376297   0.00116137921712
-5.3452  5.10029140366  5.09884437919  10.1991357828   0.00144702447232
-5.3252  6.41955332344  6.41782113691  12.8373744604   0.00173218652544
-5.3052  7.83072793212  7.82873575379  15.6594636859   0.00199217833249
-5.2852  9.26283703068  9.26063575829  18.523472789   0.00220127238789
-5.2652  10.6303640706  10.6280272361  21.2583913067   0.0023368344051
-5.2452  11.8406582648  11.8382749226  23.6789331874   0.00238334221654
-5.2252  12.8032104059  12.8008750993  25.6040855052   0.00233530664364
-5.2052  13.439758599  13.4375602637  26.8773188627   0.00219833534437
-5.1852  13.69396087  13.6919728149  27.3859336849   0.00198805509871
-5.1652  13.5392332282  13.5375060493  27.0767392775   0.00172717894135
-5.1452  12.9833636996  12.9819222207  25.9652859203   0.00144147884271
-5.1252  12.0687881987  12.0676325502  24.1364207488   0.00115564850046
-5.1052  10.8680324828  10.8671425228  21.7351750056   0.000889959946452
-5.0852  9.4747376509  9.47407935962  18.9488170105   0.00065829128342
-5.0652  7.99168012514  7.9912124567  15.9828925818   0.000467668443184
-5.0452  6.51794973668  6.51763066264  13.0355803993   0.000319074038885
-5.0252  5.13767297391  5.13746393428  10.2751369082   0.000209039622005
-5.0052  3.91224994726  3.91211845947  7.82436840673   0.000131487787604
-4.9852  2.87714087643  2.8770614841  5.75420236053   7.93923234781e-05
-4.9652  2.04310706527  2.04306106099  4.08616812625   4.60042788037e-05
-4.9452  1.40084823934  1.40082266534  2.80167090468   2.55739940758e-05
-4.9252  0.927448030893  0.927434398174  1.85488242907   1.36327185085e-05
-4.9052  0.59301889731  0.593011932971  1.18603083028   6.96433885072e-06
-4.8852  0.366320353949  0.366316947404  0.732637301353   3.40654559872e-06
-4.8652  0.218699370031  0.21869777654  0.437397146571   1.59349050613e-06
-4.8452  0.126255294038  0.126254582489  0.252509876526   7.11549116794e-07
-4.8252  0.0705214829696  0.0705211804806  0.14104266345   3.02489024537e-07
-4.8052  0.0381362735416  0.0381361516305  0.0762724251721   1.21911083908e-07
-4.7852  0.0199793708523  0.0199793245892  0.0399586954416   4.62631029353e-08
-4.7652  0.0101466691699  0.0101466528358  0.0202933220057   1.63340995625e-08
-4.7452  0.00499811323814  0.00499810799513  0.00999622123328   5.24300768859e-09
-4.7252  0.00238905247557  0.00238905102476  0.00477810350032   1.45080890964e-09
-4.7052  0.0011084498832  0.00110844959203  0.00221689947523   2.91165704611e-10
-4.6852  0.000499272162629  0.000499272164324  0.000998544326953   -1.69506563733e-12
-4.6652  0.000218308599807  0.000218308644922  0.000436617244729   -4.51146639849e-11
-4.6452  9.26447020952e-05  9.26447354723e-05  0.000185289437568   -3.33770670743e-11
-4.6252  3.81435962004e-05  3.81436143245e-05  7.62872105248e-05   -1.81241347749e-11
-4.6052  1.5228377086e-05  1.52283856176e-05  3.04567627036e-05   -8.53160009206e-12
-4.5852  5.89193318692e-06  5.89193685598e-06  1.17838700429e-05   -3.66905700666e-12
-4.5652  2.20777837423e-06  2.20777984968e-06  4.4155582239e-06   -1.47544962749e-12
-4.5452  8.00692343148e-07  8.00692904746e-07  1.60138524789e-06   -5.61598132127e-13
-4.5252  2.80880205302e-07  2.80880409055e-07  5.61760614357e-07   -2.03753470424e-13
-4.5052  9.52535863383e-08  9.5253657105e-08  1.90507243443e-07   -7.07667604182e-14
-4.4852  3.12135161821e-08  3.12135397757e-08  6.24270559578e-08   -2.35936671194e-14
-4.4652  9.87974938612e-09  9.87975695107e-09  1.97595063372e-08   -7.56495131928e-15
-4.4452  3.01981998132e-09  3.01982231711e-09  6.03964229843e-09   -2.33578555498e-15
-4.4252  8.91231302472e-10  8.91231997688e-10  1.78246330016e-09   -6.95215927945e-16
-4.4052  2.53962869051e-10  2.53963068693e-10  5.07925937745e-10   -1.99641874079e-16
-4.3852  6.98828321947e-11  6.98828875558e-11  1.39765719751e-10   -5.53610430498e-17
-4.3652  1.85735086732e-11  1.85735235113e-11  3.71470321845e-11   -1.48381228275e-17
-4.3452  4.76972274739e-12  4.76972659532e-12  9.53944934271e-12   -3.84792298078e-18
-4.3252  1.18403862382e-12  1.18403959031e-12  2.36807821413e-12   -9.66491580796e-19
-4.3052  2.84283175527e-13  2.84283410189e-13  5.68566585715e-13   -2.34661761096e-19
-4.2852  6.60672249152e-14  6.60672764982e-14  1.32134501413e-13   -5.15830354928e-20
-4.2652  1.4928310113e-14  1.4928304637e-14  2.985661475e-14   5.47598311297e-21
-4.2452  3.56441101348e-15  3.56433669148e-15  7.12874770497e-15   7.43220024138e-20
-4.2252  2.23797698002e-15  2.23766267658e-15  4.4756396566e-15   3.14303442492e-19
-4.2052  7.33641343771e-15  7.33516506471e-15  1.46715785024e-14   1.24837299544e-18
-4.1852  3.22263507597e-14  3.22215191008e-14  6.44478698606e-14   4.83165889961e-18
-4.1652  1.39113319985e-13  1.39094968224e-13  2.78208288209e-13   1.83517612258e-17
-4.1452  5.80330242161e-13  5.80261420068e-13  1.16059166223e-12   6.88220929621e-17
-4.1252  2.33825290585e-12  2.33799659022e-12  4.67624949606e-12   2.56315628235e-16
-4.1052  9.10213346363e-12  9.10118115083e-12  1.82033146145e-11   9.52312801124e-16
-4.0852  3.42465297652e-11  3.42429926745e-11  6.84895224397e-11   3.53709070201e-15
-4.0652  1.24605892753e-10  1.24592771729e-10  2.49198664482e-10   1.31210238781e-14
-4.0452  4.38699697958e-10  4.38651264786e-10  8.77350962744e-10   4.84331728164e-14
-4.0252  1.49547811527e-09  1.49530118525e-09  2.99077930052e-09   1.76930018679e-13
-4.0052  4.93921879649e-09  4.93858299524e-09  9.87780179172e-09   6.35801249652e-13
-3.9852  1.58150491738e-08  1.58128143731e-08  3.16278635468e-08   2.2348007414e-12
-3.9652  4.91195357137e-08  4.91118890243e-08  9.8231424738e-08   7.64668932766e-12
-3.9452  1.48046336208e-07  1.48020962019e-07  2.96067298227e-07   2.53741889641e-11
-3.9252  4.33136524416e-07  4.33055096033e-07  8.66191620449e-07   8.14283830342e-11
-3.9052  1.23022612446e-06  1.22997392441e-06  2.46020004887e-06   2.52200044446e-10
-3.8852  3.39194097632e-06  3.39118817394e-06  6.78312915026e-06   7.52802376829e-10
-3.8652  9.07629462803e-06  9.07413114192e-06  1.815042577e-05   2.16348610538e-09
-3.8452  2.356091894e-05  2.35549366105e-05  4.71158555505e-05   5.98232941657e-09
-3.8252  5.93024210712e-05  5.92865125655e-05  0.000118588933637   1.59085057895e-08
-3.8052  0.000144639393766  0.000144598721749  0.000289238115516   4.0672017043e-08
-3.7852  0.000341629002593  0.000341529053755  0.000683158056348   9.99488385954e-08
-3.7652  0.000780902904367  0.000780666849016  0.00156156975338   2.36055351305e-07
-3.7452  0.00172643165927  0.00172589590887  0.00345232756814   5.3575040201e-07
-3.7252  0.00368957268837  0.00368840427697  0.00737797696534   1.1684113976e-06
-3.7052  0.00761867592729  0.00761622745693  0.0152349033842   2.44847036064e-06
-3.6852  0.0151952297336  0.0151902997334  0.0303855294671   4.93000020592e-06
-3.6652  0.0292655591932  0.0292560215013  0.0585215806945   9.53769186466e-06
-3.6452  0.0544224731514  0.0544047444166  0.108827217568   1.77287347463e-05
-3.6252  0.097718239239  0.0976865766996  0.195404815939   3.16625393803e-05
-3.6052  0.16943641122  0.169382080734  0.338818491954   5.43304864512e-05
-3.5852  0.283780005708  0.283690434617  0.567470440325   8.95710904521e-05
-3.5652  0.459261725557  0.459119847634  0.91838157319   0.00014187792266
-3.5452  0.718531607949  0.718315694423  1.43684730237   0.000215913525752
-3.5252  1.08737487871  1.08705919173  2.17443407044   0.000315686983154
-3.5052  1.59267744314  1.59223400161  3.18491144475   0.00044344152466
-3.4852  2.25929193149  2.25869351185  4.51798544334   0.000598419641457
-3.4652  3.10592822354  3.10515243064  6.21108065418   0.000775792903262
-3.4452  4.1404108567  4.1394447446  8.27985560131   0.000966112095912
-3.4252  5.35486261626  5.35370701467  10.7085696309   0.00115560158576
-3.4052  6.7215661631  6.72023869667  13.4418048598   0.00132746642402
-3.3852  8.19040094423  8.18893682059  16.3793377648   0.00146412363929
-3.3652  9.68880910382  9.68725912224  19.3760682261   0.00154998157371
-3.3452  11.1251365588  11.1235623856  22.2486989444   0.00157417317077
-3.3252  12.3958298886  12.3942972976  24.7901271861   0.00153259100065
-3.3052  13.3962891902  13.3948604778  26.7911496681   0.00142871241111
-3.2852  14.0342392851  14.0329662776  28.0672055626   0.00127300753881
-3.2652  14.2435086017  14.2424275098  28.4859361115   0.00108109185728
-3.2452  13.9954501184  13.9945790238  27.9900291422   0.000871094648531
-3.2252  13.3052557066  13.304594839  26.6098505456   0.000660867622472
-3.2052  12.2312772266  12.2308116066  24.4620888332   0.000465620035442
-3.1852  10.8670331844  10.8667368092  21.7337699936   0.000296375291217
-3.1652  9.32739520249  9.32723581893  18.6546310214   0.000159383561146
-3.1452  7.73191088795  7.73185450099  15.4637653889   5.63869576125e-05
-3.1252  6.18882808143  6.18884260014  12.3776706816   -1.45187036145e-05
-3.1052  4.78295698423  4.78301471416  9.56597169838   -5.77299331059e-05
-3.0852  3.56924534205  3.56932430001  7.13856964207   -7.89579629199e-05
-3.0652  2.5723318353  2.57241605011  5.14474788542   -8.42148138611e-05
-3.0452  1.79092905912  1.79100812002  3.58193717914   -7.90608955361e-05
-3.0252  1.20505889188  1.20512702995  2.41018592184   -6.81380687715e-05
-3.0052  0.78403603046  0.784090992569  1.56812702303   -5.49621093112e-05
-2.9852  0.493530731564  0.49357265229  0.987103383854   -4.19207259824e-05
-2.9652  0.300758034484  0.300788446759  0.601546481243   -3.04122755145e-05
-2.9452  0.177552645453  0.177573706518  0.355126351971   -2.10610656417e-05
-2.9252  0.101605394966  0.101619349031  0.203224743997   -1.39540648329e-05
-2.9052  0.056393822194  0.0564026802362  0.11279650243   -8.85804221362e-06
-2.8852  0.0303718584953  0.0303772511196  0.0607491096149   -5.3926242749e-06
-2.8652  0.015877232576  0.0158803829114  0.0317576154874   -3.15033543144e-06
-2.8452  0.00805763009968  0.00805939689217  0.0161170269919   -1.76679248398e-06
-2.8252  0.0039696816719  0.00397063316276  0.00794031483466   -9.51490865105e-07
-2.8052  0.0018981435872  0.00189863573192  0.00379677931912   -4.9214472201e-07
-2.7852  0.000880576115465  0.000880820628932  0.0017613967444   -2.44513466928e-07
-2.7652  0.000396143165905  0.000396259865583  0.000792403031488   -1.16699677397e-07
-2.7452  0.000172714276053  0.00017276778384  0.000345482059893   -5.35077867164e-08
-2.7252  7.29318512668e-05  7.29554213187e-05  0.000145887272586   -2.35700519425e-08
-2.7052  2.98083510563e-05  2.98183260096e-05  5.96266770659e-05   -9.97495324993e-09
-2.6852  1.17847894269e-05  1.1788845213e-05  2.35736346399e-05   -4.05578615028e-09
-2.6652  4.50428943264e-06  4.50587380704e-06  9.01016323968e-06   -1.58437439647e-09
-2.6452  1.66358543886e-06  1.66418009013e-06  3.32776552899e-06   -5.94651266475e-10
-2.6252  5.93493495668e-07  5.93707928249e-07  1.18720142392e-06   -2.14432581643e-10
-2.6052  2.04468101881e-07  2.04542394304e-07  4.09010496185e-07   -7.42924226211e-11
-2.5852  6.80162740656e-08  6.804100409e-08  1.36057278156e-07   -2.47300243207e-11
-2.5652  2.18459265629e-08  2.18538357433e-08  4.36997623061e-08   -7.90918044413e-12
-2.5452  6.77555845941e-09  6.77798879234e-09  1.35535472517e-08   -2.43033293035e-12
-2.5252  2.02971999072e-09  2.03043750028e-09  4.060157491e-09   -7.17509564108e-13
-2.5052  5.87479953042e-10  5.87683477894e-10  1.17516343094e-09   -2.0352485113e-13
-2.4852  1.64365574177e-10  1.64421041238e-10  3.28786615415e-10   -5.54670610379e-14
-2.4652  4.44757423382e-11  4.44902661599e-11  8.89660084981e-11   -1.4523821726e-14
-2.4452  1.16464296124e-11  1.16500834965e-11  2.3296513109e-11   -3.65388410108e-15
-2.4252  2.95324132514e-12  2.95412452048e-12  5.90736584563e-12   -8.83195341612e-16
-2.4052  7.25641450215e-13  7.25846560267e-13  1.45148801048e-12   -2.05110051493e-16
-2.3852  1.72872708907e-13  1.72918475155e-13  3.45791184061e-13   -4.57662480935e-17
-2.3652  3.99522742791e-14  3.99620856996e-14  7.99143599787e-14   -9.81142048481e-18
-2.3452  8.96075543008e-15  8.9627763388e-15  1.79235317689e-14   -2.02090871734e-18
-2.3252  1.95095159386e-15  1.95135152918e-15  3.90230312304e-15   -3.99935322905e-19
-2.3052  4.12364949828e-16  4.12440993159e-16  8.24805942987e-16   -7.60433304702e-20
-2.2852  8.46069238775e-17  8.46208157526e-17  1.6922773963e-16   -1.38918750594e-20
-2.2652  1.68460965777e-17  1.68485348888e-17  3.36946314665e-17   -2.43831108055e-21
-2.2452  3.25369724733e-18  3.25410844069e-18  6.50780568802e-18   -4.11193363668e-22
-2.2252  6.09262740642e-19  6.0932936488e-19  1.21859210552e-18   -6.66242376869e-23
-2.2052  1.10538734524e-19  1.10549106186e-19  2.21087840711e-19   -1.03716621975e-23
-2.1852  1.94189388309e-20  1.94204901311e-20  3.8839428962e-20   -1.55130022386e-24
-2.1652  3.30110742426e-21  3.30133035878e-21  6.60243778303e-21   -2.22934522739e-25
-2.1452  5.42696830643e-22  5.42727612691e-22  1.08542444333e-21   -3.07820481303e-26
-2.1252  8.62361023872e-23  8.62401861925e-23  1.7247628858e-22   -4.08380539766e-27
-2.1052  1.32393161993e-23  1.3239836789e-23  2.64791529883e-23   -5.20589753104e-28
-2.0852  1.96310346032e-24  1.96316723053e-24  3.92627069085e-24   -6.37702108681e-29
-2.0652  2.81079471242e-25  2.81086978543e-25  5.62166449785e-25   -7.50730093379e-30
-2.0452  3.8858271641e-26  3.88591211896e-26  7.77173928307e-26   -8.49548596744e-31
-2.0252  5.18704899633e-27  5.18714144549e-27  1.03741904418e-26   -9.24491617756e-32
-2.0052  6.68663312229e-28  6.68672993653e-28  1.33733630588e-27   -9.6814246403e-33
-1.9852  8.32654004506e-29  8.32663773669e-29  1.66531777817e-28   -9.76916276286e-34
-1.9652  1.00198164238e-29  1.0019911628e-29  2.00397280518e-29   -9.52041710492e-35
-1.9452  1.16574707374e-30  1.16575607046e-30  2.3315031442e-30   -8.99672550295e-36
-1.9252  1.31203298151e-31  1.31204128214e-31  2.62407426365e-31   -8.30063132146e-37
-1.9052  1.42939401062e-32  1.42940157021e-32  2.85879558084e-32   -7.55958835173e-38
-1.8852  1.5083692718e-33  1.50837617699e-33  3.01674544879e-33   -6.90519147617e-39
-1.8652  1.54272355791e-34  1.54273000957e-34  3.08545356748e-34   -6.45166490608e-40
-1.8452  1.53019191138e-35  1.53019818875e-35  3.06039010012e-35   -6.27737005404e-41
-1.8252  1.47262390735e-36  1.47263031962e-36  2.94525422697e-36   -6.41227199722e-42
-1.8052  1.37555627962e-37  1.3755631128e-37  2.75111939242e-37   -6.83318510252e-43
-1.7852  1.24734560713e-38  1.24735307458e-38  2.49469868171e-38   -7.46744980174e-44
-1.7652  1.09804570637e-39  1.09805391091e-39  2.19609961728e-39   -8.2045382164e-45
-1.7452  9.38218717827e-41  9.38227631747e-41  1.87644634957e-40   -8.91391933294e-46
-1.7252  7.77840993101e-42  7.7785045948e-42  1.55569145258e-41   -9.46637965394e-47
-1.7052  6.25423253793e-43  6.25433008908e-43  1.2508562627e-42   -9.75511462046e-48
-1.6852  4.8742050401e-44  4.87430216642e-44  9.74850720652e-44   -9.71263241034e-49
-1.6652  3.6796385546e-45  3.67973175602e-45  7.35937031061e-45   -9.32014202813e-50
-1.6452  2.68903333168e-46  2.68911940826e-46  5.37815273993e-46   -8.60765769384e-51
-1.6252  1.90109779317e-47  1.9011742451e-47  3.80227203827e-47   -7.64519269163e-52
-1.6052  1.29951411537e-48  1.29957939042e-48  2.59909350578e-48   -6.52750499357e-53
-1.5852  8.58442555416e-50  8.58496117692e-50  1.71693867311e-49   -5.35622760326e-54
-1.5652  5.47801342514e-51  5.47843577039e-51  1.09564491955e-50   -4.22345241892e-55
-1.5452  3.37592327722e-52  3.37624327138e-52  6.7521665486e-52   -3.19994155714e-56
-1.5252  2.00884887221e-53  2.00908182363e-53  4.01793069584e-53   -2.32951423504e-57
-1.5052  1.15416580683e-54  1.15432874703e-54  2.30849455386e-54   -1.62940202489e-58
-1.4852  6.40309906013e-56  6.40419408902e-56  1.28072931492e-55   -1.09502889564e-59
-1.4652  3.43084429732e-57  3.43155135451e-57  6.86239565183e-57   -7.07057191727e-61
-1.4452  1.77598237919e-58  1.77642102462e-58  3.55240340381e-58   -4.38645424857e-62
-1.4252  8.88561213219e-60  8.88822671206e-60  1.77738388443e-59   -2.61457987223e-63
-1.4052  4.2990342764e-61  4.30053161151e-61  8.59956588792e-61   -1.4973351111e-64
-1.3852  2.01253544323e-62  2.01335932451e-62  4.02589476775e-62   -8.2388127816e-66
-1.3652  9.12174100172e-64  9.12609650806e-64  1.82478375098e-63   -4.35550634209e-67
-1.3452  4.00543080854e-65  4.00764309306e-65  8.0130739016e-65   -2.21228452215e-68
-1.3252  1.70498113808e-66  1.70606075973e-66  3.41104189782e-66   -1.07962164563e-69
-1.3052  7.03910619037e-68  7.04416828704e-68  1.40832744774e-67   -5.06209666901e-71
-1.2852  2.8198165913e-69  2.82209702538e-69  5.64191361668e-69   -2.28043407535e-72
-1.2652  1.09632908189e-70  1.09731611754e-70  2.19364519943e-70   -9.8703564875e-74
-1.2452  4.13724851911e-72  4.14135317147e-72  8.27860169058e-72   -4.10465235483e-75
-1.2252  1.51525067523e-73  1.51689069146e-73  3.03214136669e-73   -1.6400162281e-76
-1.2052  5.38431979943e-75  5.39061555898e-75  1.07749353584e-74   -6.29575954742e-78
-1.1852  1.85545296103e-76  1.85777503656e-76  3.71322799759e-76   -2.3220755281e-79
-1.1652  6.19701119112e-78  6.20523992034e-78  1.24022511115e-77   -8.22872922197e-81
-1.1452  2.00459099913e-79  2.00739267198e-79  4.01198367111e-79   -2.8016728553e-82
-1.1252  6.27556536189e-81  6.28473031599e-81  1.25602956779e-80   -9.16495409678e-84
-1.1052  1.89988119428e-82  1.90276171754e-82  3.80264291182e-82   -2.88052326117e-85
-1.0852  5.5579369375e-84  5.56663536404e-84  1.11245723015e-83   -8.69842653657e-87
-1.0652  1.5699876051e-85  1.57251130804e-85  3.14249891314e-85   -2.52370294193e-88
-1.0452  4.27935512397e-87  4.28639012213e-87  8.5657452461e-87   -7.0349981693e-90
-1.0252  1.12483982628e-88  1.12672398708e-88  2.25156381337e-88   -1.88416080092e-91
-1.0052  2.84965838047e-90  2.85450679965e-90  5.70416518012e-90   -4.84841917879e-93
-0.9852  6.95461515999e-92  6.96660216198e-92  1.3921217322e-91   -1.19870019906e-94
-0.9652  1.63436029394e-93  1.63720769875e-93  3.27156799269e-93   -2.84740481519e-96
-0.9452  3.69708040677e-95  3.70357895091e-95  7.40065935768e-95   -6.49854414594e-98
-0.9252  8.04769887752e-97  8.06194875574e-97  1.61096476333e-96   -1.42498782135e-99
-0.9052  1.68528094563e-98  1.6882831099e-98  3.37356405553e-98   -3.00216427405e-101
-0.8852  3.39441395857e-100  3.40049091291e-100  6.79490487147e-100   -6.07695433812e-103
-0.8652  6.57459399925e-102  6.58641259054e-102  1.31610065898e-101   -1.18185912966e-104
-0.8452  1.22438439792e-103  1.22659277726e-103  2.45097717518e-103   -2.20837934448e-106
-0.8252  2.19207658807e-105  2.19604128376e-105  4.38811787183e-105   -3.96469569446e-108
-0.8052  3.77256423792e-107  3.77940294911e-107  7.55196718703e-107   -6.83871118202e-110
-0.7852  6.24054349381e-109  6.25187706787e-109  1.24924205617e-108   -1.13335740586e-111
-0.7652  9.92159641117e-111  9.93964269285e-111  1.9861239104e-110   -1.80462816796e-113
-0.7452  1.51596320066e-112  1.51872401624e-112  3.03468721689e-112   -2.76081557886e-115
-0.7252  2.24094510593e-114  2.24503355736e-114  4.48597866329e-114   -4.08845142635e-117
-0.7052  1.17963733716e-114  1.18202939255e-114  2.36166672972e-114   -2.39205538797e-117
-0.6852  8.46327010334e-113  8.48048041951e-113  1.69437505229e-112   -1.72103161634e-115
-0.6652  5.99351270978e-111  6.00570204655e-111  1.19992147563e-110   -1.21893367735e-113
-0.6452  4.07817944369e-109  4.0864745758e-109  8.16465401948e-109   -8.29513211033e-112
-0.6252  2.66620297967e-107  2.6716270011e-107  5.33782998078e-107   -5.4240214301e-110
-0.6052  1.67480830091e-105  1.67821614894e-105  3.35302444985e-105   -3.40784803423e-108
-0.5852  1.01084769958e-103  1.01290504371e-103  2.02375274328e-103   -2.05734413289e-106
-0.5652  5.86218613037e-102  5.87412079718e-102  1.17363069275e-101   -1.19346668162e-104
-0.5452  3.26657216698e-100  3.27322491287e-100  6.53979707985e-100   -6.65274589595e-103
-0.5252  1.7490024767e-98  1.75256610023e-98  3.50156857693e-98   -3.56362353403e-101
-0.5052  8.99833833669e-97  9.01668253474e-97  1.80150208714e-96   -1.83441980521e-99
-0.4852  4.44854461432e-95  4.4576194939e-95  8.90616410822e-95   -9.07487958654e-98
-0.4652  2.11334069455e-93  2.11765530481e-93  4.23099599936e-93   -4.31461025594e-96
-0.4452  9.64787935606e-92  9.66759582568e-92  1.93154751817e-91   -1.97164696189e-94
-0.4252  4.23275432681e-90  4.24141472684e-90  8.47416905365e-90   -8.66040002802e-93
-0.4052  1.78469938829e-88  1.78835625829e-88  3.57305564658e-88   -3.6568700012e-91
-0.3852  7.23243560481e-87  7.24728107821e-87  1.4479716683e-86   -1.48454733991e-89
-0.3652  2.81717559549e-85  2.82297057645e-85  5.64014617194e-85   -5.79498096492e-88
-0.3452  1.05485382409e-83  1.0570293089e-83  2.11188313299e-83   -2.17548480987e-86
-0.3252  3.79723109372e-82  3.80508694273e-82  7.60231803645e-82   -7.85584901057e-85
-0.3052  1.314302324e-80  1.31703172188e-80  2.63133404589e-80   -2.72939787806e-83
-0.2852  4.37467423122e-79  4.38380064258e-79  8.7584748738e-79   -9.12641135838e-82
-0.2652  1.40055669181e-77  1.40349459401e-77  2.80405128582e-77   -2.93790219883e-80
-0.2452  4.31378492287e-76  4.32289344091e-76  8.63667836378e-76   -9.10851804037e-79
-0.2252  1.27860337593e-74  1.28132436489e-74  2.55992774082e-74   -2.72098895776e-77
-0.2052  3.64813243749e-73  3.65596850642e-73  7.30410094391e-73   -7.8360689361e-76
-0.1852  1.00236124664e-71  1.00453802674e-71  2.00689927338e-71   -2.17678010346e-74
-0.1652  2.65328866496e-70  2.6591252088e-70  5.31241387376e-70   -5.83654384514e-73
-0.1452  6.76966132729e-69  6.78477695649e-69  1.35544382838e-68   -1.51156291987e-71
-0.1252  1.66577456879e-67  1.66955854844e-67  3.33533311723e-67   -3.78397965316e-70
-0.1052  3.95553820068e-66  3.96470157777e-66  7.92023977845e-66   -9.16337708357e-69
-0.0852  9.07056751619e-65  9.09204956356e-65  1.81626170798e-64   -2.14820473726e-67
-0.0652  2.0101277057e-63  2.01500658613e-63  4.02513429184e-63   -4.87888043144e-66
-0.0452  4.30831459295e-62  4.31905609637e-62  8.62737068932e-62   -1.07415034168e-64
-0.0252  8.93763040526e-61  8.96056727223e-61  1.78981976775e-60   -2.29368669783e-63
-0.0052  1.79594736418e-59  1.80069943922e-59  3.5966468034e-59   -4.75207504453e-62
0.0148  3.49798665658e-58  3.50754074919e-58  7.00552740577e-58   -9.55409261267e-61
0.0348  6.60766746555e-57  6.62630739175e-57  1.32339748573e-56   -1.86399261999e-59
0.0548  1.21108598025e-55  1.21461419185e-55  2.4257001721e-55   -3.52821159831e-58
0.0748  2.15435015534e-54  2.16082680589e-54  4.31517696123e-54   -6.47665054879e-57
0.0948  3.71970832169e-53  3.73123214253e-53  7.45094046423e-53   -1.15238208366e-55
0.1148  6.23314948673e-52  6.25301082579e-52  1.24861603125e-51   -1.98613390581e-54
0.1348  1.01342317055e-50  1.01673654626e-50  2.03015971681e-50   -3.31337570513e-53
0.1548  1.59798547482e-49  1.60333176027e-49  3.20131723508e-49   -5.34628544732e-52
0.1748  2.44241346459e-48  2.45075069367e-48  4.89316415826e-48   -8.33722907664e-51
0.1948  3.61630830761e-47  3.62886454827e-47  7.24517285588e-47   -1.25562406557e-49
0.2148  5.1836493067e-46  5.2018994299e-46  1.03855487366e-45   -1.82501232015e-48
0.2348  7.18884723237e-45  7.21443105319e-45  1.44032782856e-44   -2.558382082e-47
0.2548  9.64020350565e-44  9.67477447643e-44  1.93149779821e-43   -3.45709707871e-46
0.2748  1.24939062732e-42  1.25389139024e-42  2.50328201756e-42   -4.50076292059e-45
0.2948  1.56429235057e-41  1.56993520499e-41  3.13422755556e-41   -5.64285441573e-44
0.3148  1.89153640165e-40  1.8983470059e-40  3.78988340755e-40   -6.81060424595e-43
0.3348  2.20855885234e-39  2.2164693964e-39  4.42502824874e-39   -7.91054405871e-42
0.3548  2.48985626519e-38  2.49869605826e-38  4.98855232344e-38   -8.83979306741e-41
0.3748  2.71042903801e-37  2.7199305496e-37  5.43035958761e-37   -9.50151159547e-40
0.3948  2.84958089896e-36  2.85940231661e-36  5.70898321558e-36   -9.82141765138e-39
0.4148  2.89424334785e-35  2.90400484463e-35  5.79824819249e-35   -9.76149677953e-38
0.4348  2.84105396509e-34  2.85038137538e-34  5.69143534046e-34   -9.32741029193e-37
0.4548  2.69671449579e-33  2.70528210778e-33  5.40199660357e-33   -8.56761199803e-36
0.4748  2.47659485006e-32  2.48415921549e-32  4.96075406555e-32   -7.56436542676e-35
0.4948  2.20198449413e-31  2.20840347584e-31  4.41038796996e-31   -6.41898171173e-34
0.5148  1.8966821406e-30  1.90191710131e-30  3.79859924191e-30   -5.23496071668e-33
0.5348  1.58368076176e-29  1.58778367094e-29  3.1714644327e-29   -4.10290917799e-32
0.5548  1.28255823839e-28  1.28564841348e-28  2.56820665187e-28   -3.09017508518e-31
0.5748  1.00790652389e-27  1.01014303874e-27  2.01804956263e-27   -2.23651484534e-30
0.5948  7.68833790023e-27  7.70389202295e-27  1.53922299232e-26   -1.55541227209e-29
0.6148  5.69345166481e-26  5.70384593618e-26  1.1397297601e-25   -1.039427137e-28
0.6348  4.09291678779e-25  4.09959113768e-25  8.19250792547e-25   -6.67434988811e-28
0.6548  2.85568367925e-24  2.8598016512e-24  5.71548533044e-24   -4.11797194808e-27
0.6748  1.93305300245e-23  1.93549424899e-23  3.86854725144e-23   -2.44124653917e-26
0.6948  1.26886298887e-22  1.27025354686e-22  2.53911653573e-22   -1.39055799621e-25
0.7148  8.07170112606e-22  8.07931160493e-22  1.6151012731e-21   -7.61047887843e-25
0.7348  4.97297724639e-21  4.97697924712e-21  9.94995649351e-21   -4.00200073229e-24
0.7548  2.96543260191e-20  2.9674546063e-20  5.93288720821e-20   -2.02200438856e-23
0.7748  1.71045761573e-19  1.71143919344e-19  3.42189680918e-19   -9.81577708002e-23
0.7948  9.53780154384e-19  9.54237983314e-19  1.9080181377e-18   -4.57828929948e-22
0.8148  5.13915551772e-18  5.14120722939e-18  1.02803627471e-17   -2.05171166722e-21
0.8348  2.67474744185e-17  2.6756308529e-17  5.35037829474e-17   -8.83411049987e-21
0.8548  1.34434468314e-16  1.34471014477e-16  2.68905482791e-16   -3.65461631904e-20
0.8748  6.52404510361e-16  6.52549772503e-16  1.30495428286e-15   -1.45262141858e-19
0.8948  3.05701250487e-15  3.05756725085e-15  6.11457975572e-15   -5.54745973649e-19
0.9148  1.38325049539e-14  1.38345404319e-14  2.76670453858e-14   -2.03547802261e-18
0.9348  6.04546803333e-14  6.0461856108e-14  1.20916536441e-13   -7.17577470834e-18
0.9548  2.55291596229e-13  2.55315901527e-13  5.10607497756e-13   -2.43052975559e-17
0.9748  1.04212026524e-12  1.04219936271e-12  2.08431962795e-12   -7.90974662236e-17
0.9948  4.1144268122e-12  4.1146741289e-12  8.22910094109e-12   -2.47316701562e-16
1.0148  1.57208102408e-11  1.57215532144e-11  3.14423634552e-11   -7.42973572868e-16
1.0348  5.81693572753e-11  5.81715017561e-11  1.16340859031e-10   -2.1444808244e-15
1.0548  2.08567821726e-10  2.0857376875e-10  4.17141590476e-10   -5.94702418948e-15
1.0748  7.25097933622e-10  7.25113779119e-10  1.45021171274e-09   -1.58454965516e-14
1.0948  2.44550890683e-09  2.44554947081e-09  4.89105837764e-09   -4.05639739142e-14
1.1148  8.00458567351e-09  8.00468544433e-09  1.60092711178e-08   -9.97708135777e-14
1.1348  2.54338432574e-08  2.54340790308e-08  5.08679222882e-08   -2.35773389155e-13
1.1548  7.84546580301e-08  7.8455193351e-08  1.56909851381e-07   -5.35320862852e-13
1.1748  2.34914669298e-07  2.34915837079e-07  4.69830506377e-07   -1.16778120949e-12
1.1948  6.82594027343e-07  6.82596474921e-07  1.36519050226e-06   -2.44757770493e-12
1.2148  1.92392344091e-06  1.92392836968e-06  3.84785181059e-06   -4.92877345001e-12
1.2348  5.25713296702e-06  5.25714250307e-06  1.05142754701e-05   -9.53604118091e-12
1.2548  1.39180259591e-05  1.39180436856e-05  2.78360696447e-05   -1.77265246515e-11
1.2748  3.56773454679e-05  3.56773771274e-05  7.13547225953e-05   -3.16595200373e-11
1.2948  8.84945662328e-05  8.8494620559e-05  0.000176989186792   -5.43261474489e-11
1.3148  0.000212271626731  0.000212271716296  0.000424543343027   -8.95643954238e-11
1.3348  0.000492143512351  0.000492143654218  0.000984287166569   -1.41866951563e-10
1.3548  0.0011023751663  0.0011023753822  0.0022047505485   -2.1589545646e-10
1.3748  0.00238487083627  0.00238487115193  0.0047697419882   -3.15660525062e-10
1.3948  0.00498205825768  0.0049820587011  0.00996411695878   -4.43419976952e-10
1.4148  0.010049052403  0.0100490530015  0.0200981054045   -5.98482909064e-10
1.4348  0.0195718433696  0.0195718441459  0.0391436875155   -7.76269590275e-10
1.4548  0.0368129165053  0.0368129174735  0.0736258339788   -9.6816826084e-10
1.4748  0.0668888782039  0.0668888793669  0.133777757571   -1.16303222608e-09
1.4948  0.11745305693  0.117453058282  0.234906115212   -1.35186982442e-09
1.5148  0.199409386631  0.19940938817  0.398818774801   -1.53913715106e-09
1.5348  0.327526425747  0.327526427515  0.655052853262   -1.7686483389e-09
1.5548  0.520761272223  0.520761274405  1.04152254663   -2.18253992657e-09
1.5748  0.802055240449  0.802055243602  1.60411048405   -3.15337567169e-09
1.5948  1.19734114562  1.19734115119  2.3946822968   -5.57082668884e-09
1.6148  1.73352162252  1.73352163396  3.46704325648   -1.14368563509e-08
1.6348  2.43525699577  2.43525702081  4.87051401657   -2.50386400502e-08
1.6548  3.32056076127  3.3205608164  6.64112157767   -5.51305516794e-08
1.6748  4.39545963717  4.39545975592  8.79091939309   -1.18746470434e-07
1.6948  5.64833350715  5.64833375456  11.2966672617   -2.47415989918e-07
1.7148  7.04496257968  7.04496307622  14.0899256559   -4.96536658012e-07
1.7348  8.52565955066  8.5256605089  17.0513200596   -9.58240727655e-07
1.7548  10.0059740798  10.0059758568  20.0119499366   -1.77701867976e-06
1.7748  11.3821362891  11.3821394544  22.7642757435   -3.16539461664e-06
1.7948  12.5415560525  12.5415614666  25.083117519   -5.41407384169e-06
1.8148  13.3774102236  13.3774191112  26.7548293348   -8.88760096451e-06
1.8348  13.8049609172  13.8049749108  27.609935828   -1.3993635589e-05
1.8548  13.776246414  13.776267527  27.552513941   -2.11129420524e-05
1.8748  13.2896382445  13.2896687242  26.5793069687   -3.04797286823e-05
1.8948  12.391678162  12.3917201713  24.7833983333   -4.20092429074e-05
1.9148  11.1704145962  11.1704696778  22.3408842739   -5.50816092701e-05
1.9348  9.74159830858  9.741666615  19.4832649236   -6.83064119382e-05
1.9548  8.23085976743  8.23093907629  16.4617988437   -7.93088568329e-05
1.9748  6.75579991108  6.75588450343  13.5116844145   -8.45923499488e-05
1.9948  5.41157627816  5.41165581916  10.8232320973   -7.95409941743e-05
2.0148  4.26228461253  4.26234323854  8.52462785107   -5.86260045186e-05
2.0348  3.33874733637  3.33876320529  6.67751054167   -1.58689182115e-05
2.0548  2.64180321855  2.64174880544  5.28355202399   5.44131058233e-05
2.0748  2.14925024163  2.14909363772  4.29834387935   0.000156603909689
2.0948  1.82434327948  1.82405065587  3.64839393536   0.000292623613026
2.1148  1.6240532976  1.62359251043  3.24764580804   0.000460787169273
2.1348  1.50589073133  1.50523578065  3.01112651197   0.000654950679202
2.1548  1.43272665724  1.43186241207  2.86458906931   0.000864245164702
2.1748  1.37554928866  1.37447563864  2.7500249273   0.00107365001852
2.1948  1.31441615283  1.31315064424  2.62756679707   0.00126550859625
2.2148  1.23802333737  1.23660148277  2.47462482015   0.00142185460041
2.2348  1.14235853796  1.14083137604  2.28318991399   0.00152716191783
2.2548  1.02887623396  1.0273052917  2.05618152566   0.00157094225771
2.2748  0.902560246173  0.901010669016  1.80357091519   0.0015495771569
2.2948  0.770142117567  0.768675197384  1.53881731495   0.00146692018353
2.3148  0.638641664125  0.637308155825  1.27594981995   0.00133350830009
2.3348  0.51430497742  0.513140394744  1.02744537216   0.00116458267533
2.3548  0.401945711685  0.400968294125  0.80291400581   0.000977417559664
2.3748  0.304649970984  0.303861376742  0.608511347726   0.000788594241993
2.3948  0.223779084811  0.223167283324  0.446946368135   0.00061180148656
2.4148  0.159191412197  0.15873487996  0.317926292156   0.000456532236558
2.4348  0.109599555998  0.109271789317  0.218871345315   0.000327766680956
2.4548  0.072981970224  0.0727554887492  0.145737458973   0.000226481474851
2.4748  0.0469786238232  0.0468279507684  0.0938065745916   0.000150673054785
2.4948  0.0292188580793  0.0291223071718  0.0583411652512   9.6550907499e-05
2.5148  0.0175529855644  0.017493364021  0.0350463495854   5.96215434912e-05
2.5348  0.0101826448444  0.0101471461971  0.0203297910416   3.54986473017e-05
2.5548  0.00570350834723  0.0056831170057  0.0113866253529   2.03913415241e-05
2.5748  0.00308460541515  0.00307329716  0.00615790257515   1.13082551478e-05
2.5948  0.00161098469642  0.00160492606537  0.0032159107618   6.05863104641e-06
2.6148  0.000812697442324  0.000809559021346  0.00162225646367   3.1384209778e-06
2.6348  0.000396166566521  0.000394593546199  0.000790760112721   1.57302032211e-06
2.6548  0.000186715177024  0.000185951822029  0.000372666999052   7.63354995084e-07
2.6748  8.51741141316e-05  8.48154277115e-05  0.000169989541843   3.58686420143e-07
2.6948  3.77548254391e-05  3.75921536956e-05  7.53469791347e-05   1.62671743449e-07
2.7148  1.6605871932e-05  1.65362438833e-05  3.31421158152e-05   6.96280486937e-08
2.7348  8.10289884349e-06  8.07887418424e-06  1.61817730277e-05   2.40246592574e-08
2.7548  6.33649404998e-06  6.34076186466e-06  1.26772559146e-05   -4.26781467791e-09
2.7748  9.99368316255e-06  1.0029124864e-05  2.00228080266e-05   -3.54417014946e-08
2.7948  2.16179730412e-05  2.17091758843e-05  4.33271489255e-05   -9.12028430586e-08
2.8148  4.89983556e-05  4.92051641333e-05  9.82035197333e-05   -2.06808533279e-07
2.8348  0.000109211563958  0.000109660028339  0.000218871592297   -4.48464380675e-07
2.8548  0.000236701207851  0.000237643123103  0.000474344330954   -9.41915251329e-07
2.8748  0.000497777242956  0.000499697061794  0.00099747430475   -1.91981883714e-06
2.8948  0.00101502270171  0.00101882006383  0.00203384276554   -3.79736211479e-06
2.9148  0.00200610181161  0.00201338826229  0.00401949007389   -7.28645068143e-06
2.9348  0.00384195862134  0.00385551551322  0.00769747413456   -1.35568918856e-05
2.9548  0.00712875106746  0.00715319711487  0.0142819481823   -2.44460474078e-05
2.9748  0.0128153510737  0.0128580554589  0.0256734065326   -4.27043851466e-05
2.9948  0.0223232465371  0.0223954891161  0.0447187356532   -7.22425790458e-05
3.0148  0.0376880107441  0.0378063293444  0.0754943400885   -0.0001183186002
3.0348  0.0616916275376  0.0618792044752  0.123570832013   -0.000187576937541
3.0548  0.0979540883481  0.0982419249925  0.196196013341   -0.000287836644433
3.0748  0.150942652645  0.151370184071  0.302312836716   -0.000427531426313
3.0948  0.225850310485  0.226465051903  0.452315362388   -0.000614741417762
3.1148  0.328294175919  0.329149999077  0.657444174995   -0.000855823157849
3.1348  0.463793528126  0.464947260989  0.928740789115   -0.00115373286329
3.1548  0.637010766073  0.638516999009  1.27552776508   -0.0015062329361
3.1748  0.850781300382  0.852685556436  1.70346685682   -0.00190425605319
3.1948  1.10502162344  1.10735238555  2.21237400899   -0.00233076211359
3.2148  1.39568130664  1.39844175748  2.79412306412   -0.00276045084091
3.2348  1.71397478649  1.71713546011  3.43111024659   -0.00316067362361
3.2548  2.04616143126  2.04965522997  4.09581666123   -0.003493798702
3.2748  2.37410462978  2.37782572339  4.75193035317   -0.00372109361414
3.2948  2.67671462854  2.68052250919  5.35723713772   -0.00380788065295
3.3148  2.9321793727  2.93590869538  5.86808806809   -0.00372932267689
3.3348  3.1206638459  3.12413964994  6.24480349584   -0.00347580404501
3.3548  3.22698678594  3.23004342545  6.45703021138   -0.00305663951131
3.3748  3.24273406825  3.24523499996  6.48796906822   -0.00250093170752
3.3948  3.16737161443  3.16922650012  6.33659811455   -0.00185488569581
3.4148  3.00815124538  3.00932695422  6.0174781996   -0.00117570884362
3.4348  2.77888518452  2.77940833398  5.5582935185   -0.000523149461288
3.4548  2.49790664371  2.49785708772  4.99576373142   4.95559869074e-05
3.4748  2.18566519664  2.18516187253  4.37082706917   0.000503324107239
3.4948  1.86240497518  1.86158716395  3.72399213913   0.000817811234685
3.5148  1.54626869681  1.54527655247  3.09154524929   0.000992144337589
3.5348  1.25201631283  1.25097428449  2.50299059732   0.00104202833158
3.5548  0.99039764148  0.989403302122  1.9798009436   0.000994339358504
3.5748  0.768106498763  0.767225727512  1.53533222628   0.000880771250721
3.5948  0.588177458636  0.587445404665  1.1756228633   0.000732053970547
3.6148  0.450657741932  0.450083933551  0.900741675483   0.000573808380856
3.6348  0.353385130386  0.352960670627  0.706345801013   0.000424459758606
3.6548  0.292722078375  0.292427041306  0.585149119681   0.000295037068179
3.6748  0.264134661004  0.263944362409  0.528079023413   0.000190298594338
3.6948  0.262560536126  0.262450037103  0.525010573229   0.000110499023169
3.7148  0.282575385043  0.282522182104  0.565097567148   5.32029390855e-05
3.7348  0.318428621401  0.318413864112  0.636842485512   1.47572888384e-05
3.7548  0.364059579925  0.364068319203  0.728127899129   -8.7392782942e-06
3.7748  0.413210756942  0.413231714386  0.826442471328   -2.09574443651e-05
3.7948  0.459719914266  0.45974515181  0.919465066077   -2.52375439727e-05
3.8148  0.498005931502  0.498030659308  0.99603659081   -2.47278052958e-05
3.8348  0.52368449153  0.523707121981  1.04739161351   -2.26304514354e-05
3.8548  0.534185639825  0.53420808973  1.06839372956   -2.24499047521e-05
3.8748  0.529219188597  0.529247343059  1.05846653166   -2.81544614992e-05
3.8948  0.510956052521  0.511000218138  1.02195627066   -4.41656179274e-05
3.9148  0.483856350377  0.483931434337  0.967787784714   -7.50839598543e-05
3.9348  0.454156131532  0.454281195883  0.908437327415   -0.000125064350654
3.9548  0.42909643772  0.429293226901  0.858389664621   -0.000196789181078
3.9748  0.416020249087  0.416310326237  0.832330575324   -0.000290077149504
3.9948  0.42146821942  0.421868531294  0.843336750715   -0.000400311874089
4.0148  0.450381054799  0.450898111554  0.901279166352   -0.000517056754838
4.0348  0.505480942604  0.506104324248  1.01158526685   -0.000623381643824
4.0548  0.586871638795  0.587568116244  1.17443975504   -0.00069647744844
4.0748  0.691874661554  0.692584654102  1.38445931566   -0.000709992547735
4.0948  0.815107624108  0.81574577559  1.6308533997   -0.000638151481505
4.1148  0.948805396167  0.949266557897  1.89807195406   -0.000461161729519
4.1348  1.08337970834  1.08355053971  2.16693024804   -0.000170831372027
4.1548  1.20820279804  1.20797772905  2.41618052709   0.000225068993841
4.1748  1.31258126668  1.31188011369  2.62446138037   0.000701152995452
4.1948  1.38685461013  1.38563819633  2.77249280646   0.00121641379287
4.2148  1.42351072796  1.4217908435  2.84530157146   0.00171988446142
4.2348  1.41816837081  1.41600945274  2.83417782355   0.00215891807338
4.2548  1.37025294841  1.36776474109  2.7380176895   0.00248820731574
4.2748  1.28320881306  1.28053144343  2.56374025649   0.00267736962779
4.2948  1.16416017061  1.16144487371  2.32560504431   0.00271529690069
4.3148  1.02304607864  1.02043569174  2.04348177038   0.00261038690625
4.3348  0.871381915518  0.86899500027  1.74037691579   0.00238691524834
4.3548  0.720896832171  0.718818047418  1.43971487959   0.00207878475283
4.3748  0.582326285363  0.58060387813  1.16293016349   0.00172240723268
4.3948  0.464586416453  0.463235987232  0.927822403685   0.00135042922069
4.4148  0.374439234178  0.373451719994  0.747890954172   0.000987514184247
4.4348  0.316614853199  0.315966176842  0.632581030041   0.000648676357335
4.4548  0.294236988825  0.293897008771  0.588133997596   0.000339980054213
4.4748  0.30933626243  0.309275314428  0.618611576858   6.09480020005e-05
4.4948  0.363244680897  0.363436862509  0.726681543406   -0.000192181612496
4.5148  0.45673134475  0.457154534708  0.913885879458   -0.000423189957979
4.5348  0.589835391111  0.590468678481  1.18030406959   -0.000633287370904
4.5548  0.761445630587  0.762265291755  1.52371092234   -0.000819661167679
4.5748  0.968743815577  0.969719195957  1.93846301153   -0.000975380380026
4.5948  1.20666054316  1.20775116225  2.41441170541   -0.00109061909561
4.6148  1.46749279652  1.46864769669  2.93614049322   -0.00115490017284
4.6348  1.74080961395  1.74196944634  3.48277906028   -0.00115983238845
4.6548  2.0137352564  2.01483693173  4.02857218813   -0.00110167532997
4.6748  2.27164950423  2.27263258166  4.54428208589   -0.000983077434627
4.6948  2.49928054412  2.50009406294  4.99937460706   -0.000813518826842
4.7148  2.68208902756  2.68269734478  5.36478637234   -0.000608317220417
4.7348  2.80776454606  2.80815097546  5.61591552153   -0.000386429398477
4.7548  2.8676010767  2.86776866117  5.73536973787   -0.000167584471302
4.7748  2.85751090188  2.85748032444  5.71499122632   3.05774447193e-05
4.7948  2.7784899635  2.77829521341  5.55678517692   0.000194750089982
4.8148  2.63645209866  2.63613489672  5.27258699538   0.00031720194458
4.8348  2.44147454986  2.44107863034  4.8825531802   0.000395919513723
4.8548  2.20660406564  2.2061702424  4.41277430804   0.000433823232044
4.8748  1.94643301855  1.94599562929  3.89242864784   0.000437389264074
4.8948  1.67566065416  1.67524560233  3.35090625649   0.000415051826064
4.9148  1.40781860662  1.40744290249  2.81526150912   0.000375704133212
4.9348  1.15428432335  1.15395681502  2.30824113837   0.000327508329345
4.9548  0.923649692182  0.923372581533  1.84702227372   0.000277110648628
4.9748  0.721463378039  0.721234112652  1.44269749069   0.000229265387083
4.9948  0.550324163732  0.550137355179  1.10046151891   0.000186808552863
5.0148  0.410267200303  0.410116314751  0.820383515054   0.000150885551771
5.0348  0.299357292687  0.299235972817  0.598593265503   0.000121319869974
5.0548  0.21438873376  0.214291727151  0.428680460911   9.70066088603e-05
5.0748  0.151594982467  0.151518758299  0.303113740766   7.62241676526e-05
5.0948  0.107293849804  0.107237070894  0.214530920698   5.67789105786e-05
5.1148  0.078428111582  0.0783921809857  0.156820292568   3.59305963537e-05
5.1348  0.0629960219765  0.0629859321322  0.125981954109   1.00898443321e-05
5.1548  0.0603889590476  0.0604146261501  0.120803585198   -2.56671024779e-05
5.1748  0.0716561974308  0.0717343537589  0.14339055119   -7.81563280605e-05
5.1948  0.0996981136774  0.0998546480854  0.199552761763   -0.000156534408009
5.2148  0.14935508187  0.14962746811  0.29898254998   -0.000272386239468
5.2348  0.227322565551  0.227761730508  0.45508429606   -0.000439164956905
5.2548  0.341799923617  0.342470653269  0.684270576886   -0.000670729651537
5.2748  0.501786918916  0.502765788404  1.00455270732   -0.000978869487471
5.2948  0.715986851972  0.717356822671  1.43334367464   -0.00136997069904
5.3148  0.991355563769  0.993196904911  1.98455246868   -0.0018413411413
5.3348  1.33143428496  1.33381234219  2.66524662715   -0.00237805723273
5.3548  1.7346947741  1.73764616802  3.47234094212   -0.00295139392247
5.3748  2.19318074362  2.19670053943  4.38988128306   -0.00351979581013
5.3948  2.69173442103  2.69576729826  5.38750171929   -0.00403287723013
5.4148  3.20805154516  3.21248971197  6.42054125713   -0.00443816680199
5.4348  3.71372417378  3.71841362413  7.4321377979   -0.00468945035182
5.4548  4.17632059353  4.18107550894  8.35739610247   -0.00475491541652
5.4748  4.5624183264  4.56704145814  9.12945978455   -0.00462313174387
5.4948  4.84134571421  4.84565104697  9.68699676118   -0.00430533276288
5.5148  4.98920471559  4.99303810366  9.98224281925   -0.00383338806476
5.5348  4.99257492892  4.99582890656  9.98840383548   -0.00325397763334
5.5548  4.85120091879  4.85382133936  9.70502225816   -0.00262042057389
5.5748  4.57901609984  4.58100017815  9.16001627799   -0.00198407830524
5.5948  4.20309909199  4.20448623301  8.407585325   -0.00138714101516
5.6148  3.76056455724  3.76142258524  7.52198714248   -0.000858027996469
5.6348  3.29385432766  3.29426416904  6.58811849671   -0.000409841381391
5.6548  2.84526825631  2.84530984004  5.69057809635   -4.15837234127e-05
5.6748  2.45173127496  2.45147264582  4.90320392078   0.000258629139907
5.6948  2.14068645176  2.14017714816  4.28086359992   0.000509303601126
5.7148  1.92768502069  1.92695389442  3.85463891511   0.000731126273097
5.7348  1.81583516406  1.81489214897  3.63072731303   0.000943015094048
5.7548  1.79690487308  1.79574577573  3.59265064882   0.00115909734931
5.7748  1.85363952335  1.85225268745  3.7058922108   0.00138683589751
5.7948  1.96277248775  1.96114613457  3.92391862231   0.00162635317901
5.8148  2.09824214009  2.09637127228  4.19461341237   0.00187086780434
5.8348  2.23422462099  2.23211656496  4.46634118595   0.00210805602698
5.8548  2.34770282335  2.34538074234  4.69308356569   0.00232208100339
5.8748  2.42039579848  2.41789980124  4.83829559972   0.00249599724501
5.8948  2.43996447082  2.43735024057  4.87731471138   0.00261423024899
5.9148  2.40048918463  2.39782434384  4.79831352847   0.00266484078997
5.9348  2.30227924602  2.29963794342  4.60191718944   0.00264130260054
5.9548  2.15112006807  2.14857651118  4.29969657925   0.00254355688984
5.9748  1.95709014509  1.95471197044  3.91180211553   0.00237817465697
5.9948  1.73309477496  1.73093720173  3.46403197669   0.00215757322047
6.0148  1.49327463282  1.49137624086  2.98465087368   0.00189839196187
6.0348  1.25145703414  1.24983773365  2.50129476779   0.00161930048228
6.0548  1.01981823846  1.0184796012  2.03829783966   0.00133863726769
6.0748  0.807903596668  0.806831286528  1.6147348832   0.00107231013968
6.0948  0.622100882816  0.621268570249  1.24336945306   0.000832312566662
6.1148  0.46558602156  0.464959976668  0.930545998228   0.000626044892297
6.1348  0.338678132734  0.338221701275  0.676899834009   0.000456431458502
6.1548  0.239476101139  0.239153444903  0.478629546042   0.000322656236224
6.1748  0.164619565056  0.164398319176  0.329017884232   0.000221245879757
6.1948  0.110027627078  0.109880404545  0.219908031623   0.000147222532208
6.2148  0.0715092139138  0.0714141031822  0.142923317096   9.51107316745e-05
6.2348  0.0451924492431  0.0451327714376  0.0903252206807   5.96778054723e-05
6.2548  0.0277694693757  0.0277330897685  0.0555025591442   3.63796072386e-05
6.2748  0.0165868181633  0.0165652682228  0.0331520863861   2.15499404855e-05
6.2948  0.00962693391453  0.00961452892631  0.0192414628408   1.24049882273e-05
6.3148  0.00542653030397  0.00541959182765  0.0108461221316   6.93847631341e-06
6.3348  0.0029689348115  0.00296516477626  0.00593409958776   3.77003524006e-06
